1503.1
Flor232
FlorPanc27
Giunta
ModD4
Pet1505
Pet1515
Pet1519
SGall463
VatS41-13

Start Matrix
------
0	258	109	155	150	152	152	155	39	152	
258	0	270	240	303	247	247	251	260	303	
109	270	0	121	124	113	114	116	119	88	
155	240	121	0	41	4	5	9	156	157	
150	303	124	41	0	37	38	42	164	161	
152	247	113	4	37	0	1	5	156	147	
152	247	114	5	38	1	0	6	154	147	
155	251	116	9	42	5	6	0	160	150	
39	260	119	156	164	156	154	160	0	159	
152	303	88	157	161	147	147	150	159	0	

Tree Matrix
------
0	276.14583	114.1875	142.33646	173.57083	140.49531	141.35469	145.22188	39	149.6875	
276.14583	0	248.79167	251.34063	282.575	249.49948	250.35885	254.22604	281.77083	284.29167	
114.1875	248.79167	0	114.98229	146.21667	113.14115	114.00052	117.86771	119.8125	88	
142.33646	251.34063	114.98229	0	39.48438	4.13802	4.9974	8.86458	147.96146	150.48229	
173.57083	282.575	146.21667	39.48438	0	37.64323	38.5026	42.36979	179.19583	181.71667	
140.49531	249.49948	113.14115	4.13802	37.64323	0	1	5.07031	146.12031	148.64115	
141.35469	250.35885	114.00052	4.9974	38.5026	1	0	5.92969	146.97969	149.50052	
145.22188	254.22604	117.86771	8.86458	42.36979	5.07031	5.92969	0	150.84688	153.36771	
39	281.77083	119.8125	147.96146	179.19583	146.12031	146.97969	150.84688	0	155.3125	
149.6875	284.29167	88	150.48229	181.71667	148.64115	149.50052	153.36771	155.3125	0	

Mimimal Branch Length + Error
------
0.07031 		0.03516

Between		And		Length
-------		---		------
1503.1		1503.1SGall463		16.6875
SGall463		1503.1SGall463		22.3125
FlorPanc27		FlorPanc27VatS41-13		26.25
VatS41-13		FlorPanc27VatS41-13		61.75
1503.1SGall463		1503.1SGall463FlorPanc27VatS41-13		54.08333
FlorPanc27VatS41-13		1503.1SGall463FlorPanc27VatS41-13		17.16667
1503.1SGall463FlorPanc27VatS41-13		1503.1SGall463FlorPanc27VatS41-13Flor232		12.8
Flor232		1503.1SGall463FlorPanc27VatS41-13Flor232		192.575
1503.1SGall463FlorPanc27VatS41-13Flor232		1503.1SGall463FlorPanc27VatS41-13Flor232ModD4		54.64063
ModD4		1503.1SGall463FlorPanc27VatS41-13Flor232ModD4		35.35938
1503.1SGall463FlorPanc27VatS41-13Flor232ModD4		1503.1SGall463FlorPanc27VatS41-13Flor232ModD4Giunta		1.13542
Giunta		1503.1SGall463FlorPanc27VatS41-13Flor232ModD4Giunta		2.98958
Pet1505		Pet1505Pet1515		0.07031
Pet1515		Pet1505Pet1515		0.92969
1503.1SGall463FlorPanc27VatS41-13Flor232ModD4Giunta		1503.1SGall463FlorPanc27VatS41-13Flor232ModD4GiuntaPet1519		0.97656
Pet1519		1503.1SGall463FlorPanc27VatS41-13Flor232ModD4GiuntaPet1519		4.89844
1503.1SGall463FlorPanc27VatS41-13Flor232ModD4GiuntaPet1519		Pet1505Pet1515		0.10156
