1503.1
Flor232
FlorPanc27
Giunta
ModD4
Pet1505
Pet1515
Pet1519
SGall463
VatS41-13

Start Matrix
------
0	406	93	199	198	196	197	200	27	184	
406	0	356	377	414	389	389	396	409	374	
93	356	0	117	124	117	118	120	95	114	
199	377	117	0	32	2	3	7	198	134	
198	414	124	32	0	30	31	35	201	140	
196	389	117	2	30	0	1	5	194	132	
197	389	118	3	31	1	0	6	195	132	
200	396	120	7	35	5	6	0	198	137	
27	409	95	198	201	194	195	198	0	192	
184	374	114	134	140	132	132	137	192	0	

Tree Matrix
------
0	418.15179	93.4375	192.36376	204.35595	192.10074	192.90543	197.11637	27	182.56845	
418.15179	0	344.78571	388.62865	400.62083	388.36563	389.17031	393.38125	419.27679	378.83333	
93.4375	344.78571	0	118.99769	130.98988	118.73467	119.53936	123.7503	94.5625	109.20238	
192.36376	388.62865	118.99769	0	30.74219	2.0599	2.86458	7.07552	193.48876	131.59531	
204.35595	400.62083	130.98988	30.74219	0	30.47917	31.28385	35.49479	205.48095	143.5875	
192.10074	388.36563	118.73467	2.0599	30.47917	0	0.99219	5	193.22574	131.33229	
192.90543	389.17031	119.53936	2.86458	31.28385	0.99219	0	6.00781	194.03043	132.13698	
197.11637	393.38125	123.7503	7.07552	35.49479	5	6.00781	0	198.24137	136.34792	
27	419.27679	94.5625	193.48876	205.48095	193.22574	194.03043	198.24137	0	183.69345	
182.56845	378.83333	109.20238	131.59531	143.5875	131.33229	132.13698	136.34792	183.69345	0	

Mimimal Branch Length + Error
------
0.00781 		0.00391

Between		And		Length
-------		---		------
1503.1		1503.1SGall463		12.9375
SGall463		1503.1SGall463		14.0625
1503.1SGall463		1503.1SGall463FlorPanc27		70.46429
FlorPanc27		1503.1SGall463FlorPanc27		10.03571
1503.1SGall463FlorPanc27		1503.1SGall463FlorPanc27Flor232		27.54167
Flor232		1503.1SGall463FlorPanc27Flor232		307.20833
1503.1SGall463FlorPanc27Flor232		1503.1SGall463FlorPanc27Flor232VatS41-13		10.725
VatS41-13		1503.1SGall463FlorPanc27Flor232VatS41-13		60.9
1503.1SGall463FlorPanc27Flor232VatS41-13		1503.1SGall463FlorPanc27Flor232VatS41-13ModD4		61.32031
ModD4		1503.1SGall463FlorPanc27Flor232VatS41-13ModD4		21.36719
1503.1SGall463FlorPanc27Flor232VatS41-13ModD4		1503.1SGall463FlorPanc27Flor232VatS41-13ModD4Giunta		8.21354
Giunta		1503.1SGall463FlorPanc27Flor232VatS41-13ModD4Giunta		1.16146
Pet1505		Pet1505Pet1519		-0.00781
Pet1519		Pet1505Pet1519		5.00781
1503.1SGall463FlorPanc27Flor232VatS41-13ModD4Giunta		1503.1SGall463FlorPanc27Flor232VatS41-13ModD4GiuntaPet1515		0.80469
Pet1515		1503.1SGall463FlorPanc27Flor232VatS41-13ModD4GiuntaPet1515		0.89844
1503.1SGall463FlorPanc27Flor232VatS41-13ModD4GiuntaPet1515		Pet1505Pet1519		0.10156
