1503.1
Flor232
FlorPanc27
Giunta
ModD4
Pet1505
Pet1515
Pet1519
SGall463
VatS41-13

Start Matrix
------
0	209	74	116	121	116	116	116	4	126	
209	0	243	202	256	203	203	203	208	267	
74	243	0	102	103	102	103	102	91	65	
116	202	102	0	8	1	2	2	116	113	
121	256	103	8	0	7	8	8	121	109	
116	203	102	1	7	0	1	1	116	112	
116	203	103	2	8	1	0	2	116	112	
116	203	102	2	8	1	2	0	116	112	
4	208	91	116	121	116	116	116	0	126	
126	267	65	113	109	112	112	112	126	0	

Tree Matrix
------
0	207.5	117.78869	108.62083	118.11042	110.23542	110.61042	109.77708	4	134.00298	
207.5	0	224.24702	215.07917	224.56875	216.69375	217.06875	216.23542	209.5	240.46131	
117.78869	224.24702	0	96.04286	105.53244	97.65744	98.03244	97.19911	119.78869	65	
108.62083	215.07917	96.04286	0	9.17708	1.30208	1.67708	0.84375	110.62083	112.25714	
118.11042	224.56875	105.53244	9.17708	0	7	8.4375	8.79167	120.11042	121.74673	
110.23542	216.69375	97.65744	1.30208	7	0	0.5625	0.91667	112.23542	113.87173	
110.61042	217.06875	98.03244	1.67708	8.4375	0.5625	0	1.29167	112.61042	114.24673	
109.77708	216.23542	97.19911	0.84375	8.79167	0.91667	1.29167	0	111.77708	113.41339	
4	209.5	119.78869	110.62083	120.11042	112.23542	112.61042	111.77708	0	136.00298	
134.00298	240.46131	65	112.25714	121.74673	113.87173	114.24673	113.41339	136.00298	0	

Mimimal Branch Length + Error
------
0.15625 		0.07813

Between		And		Length
-------		---		------
1503.1		1503.1SGall463		1
SGall463		1503.1SGall463		3
FlorPanc27		FlorPanc27VatS41-13		24.39286
VatS41-13		FlorPanc27VatS41-13		40.60714
1503.1SGall463		1503.1SGall463Flor232		49.52083
Flor232		1503.1SGall463Flor232		156.97917
1503.1SGall463Flor232		1503.1SGall463Flor232FlorPanc27VatS41-13		14.6625
FlorPanc27VatS41-13		1503.1SGall463Flor232FlorPanc27VatS41-13		28.2125
1503.1SGall463Flor232FlorPanc27VatS41-13		1503.1SGall463Flor232FlorPanc27VatS41-13Giunta		43.59375
Giunta		1503.1SGall463Flor232FlorPanc27VatS41-13Giunta		-0.15625
1503.1SGall463Flor232FlorPanc27VatS41-13Giunta		1503.1SGall463Flor232FlorPanc27VatS41-13GiuntaPet1519		0.77083
Pet1519		1503.1SGall463Flor232FlorPanc27VatS41-13GiuntaPet1519		0.22917
ModD4		ModD4Pet1505		7.4375
Pet1505		ModD4Pet1505		-0.4375
1503.1SGall463Flor232FlorPanc27VatS41-13GiuntaPet1519		1503.1SGall463Flor232FlorPanc27VatS41-13GiuntaPet1519Pet1515		0.59375
Pet1515		1503.1SGall463Flor232FlorPanc27VatS41-13GiuntaPet1519Pet1515		0.46875
1503.1SGall463Flor232FlorPanc27VatS41-13GiuntaPet1519Pet1515		ModD4Pet1505		0.53125
