1503.1
Flor232
FlorPanc27
Giunta
ModD4
Pet1505
Pet1515
Pet1519
SGall463
VatS41-13

Start Matrix
------
0	405	117	222	227	221	221	225	39	189	
405	0	393	389	438	387	387	391	403	390	
117	393	0	133	134	131	132	135	124	129	
222	389	133	0	37	4	5	8	218	149	
227	438	134	37	0	33	34	37	221	156	
221	387	131	4	33	0	1	4	217	147	
221	387	132	5	34	1	0	5	217	147	
225	391	135	8	37	4	5	0	219	151	
39	403	124	218	221	217	217	219	0	187	
189	390	129	149	156	147	147	151	187	0	

Tree Matrix
------
0	436.16964	121.8125	211.45818	227.16131	208.42954	209.2186	212.41391	39	200.33631	
436.16964	0	362.14286	396.95521	412.65833	393.92656	394.71563	397.91094	433.54464	385.83333	
121.8125	362.14286	0	137.4314	153.13452	134.40275	135.19182	138.38713	119.1875	126.30952	
211.45818	396.95521	137.4314	0	36.32813	4.07552	4.86458	8.0599	208.83318	147.72188	
227.16131	412.65833	153.13452	36.32813	0	33.29948	34.08854	37.28385	224.53631	163.425	
208.42954	393.92656	134.40275	4.07552	33.29948	0	1.00781	4	205.80454	144.69323	
209.2186	394.71563	135.19182	4.86458	34.08854	1.00781	0	4.99219	206.5936	145.48229	
212.41391	397.91094	138.38713	8.0599	37.28385	4	4.99219	0	209.78891	148.6776	
39	433.54464	119.1875	208.83318	224.53631	205.80454	206.5936	209.78891	0	197.71131	
200.33631	385.83333	126.30952	147.72188	163.425	144.69323	145.48229	148.6776	197.71131	0	

Mimimal Branch Length + Error
------
0.00781 		0.00391

Between		And		Length
-------		---		------
1503.1		1503.1SGall463		20.8125
SGall463		1503.1SGall463		18.1875
1503.1SGall463		1503.1SGall463FlorPanc27		77.10714
FlorPanc27		1503.1SGall463FlorPanc27		23.89286
1503.1SGall463FlorPanc27		1503.1SGall463FlorPanc27Flor232		27.41667
Flor232		1503.1SGall463FlorPanc27Flor232		310.83333
1503.1SGall463FlorPanc27Flor232		1503.1SGall463FlorPanc27Flor232VatS41-13		6.7
VatS41-13		1503.1SGall463FlorPanc27Flor232VatS41-13		68.3
1503.1SGall463FlorPanc27Flor232VatS41-13		1503.1SGall463FlorPanc27Flor232VatS41-13ModD4		69.10938
ModD4		1503.1SGall463FlorPanc27Flor232VatS41-13ModD4		26.01563
1503.1SGall463FlorPanc27Flor232VatS41-13ModD4		1503.1SGall463FlorPanc27Flor232VatS41-13ModD4Giunta		6.76042
Giunta		1503.1SGall463FlorPanc27Flor232VatS41-13ModD4Giunta		3.55208
Pet1505		Pet1505Pet1519		0.00781
Pet1519		Pet1505Pet1519		3.99219
1503.1SGall463FlorPanc27Flor232VatS41-13ModD4Giunta		1503.1SGall463FlorPanc27Flor232VatS41-13ModD4GiuntaPet1515		0.41406
Pet1515		1503.1SGall463FlorPanc27Flor232VatS41-13ModD4GiuntaPet1515		0.89844
1503.1SGall463FlorPanc27Flor232VatS41-13ModD4GiuntaPet1515		Pet1505Pet1519		0.10156
