Giunta
ModD4
Pet1505
Pet1515
Pet1519
VatS41-13

Start Matrix
------
0	86	12	14	17	314	
86	0	84	86	89	291	
12	84	0	2	5	308	
14	86	2	0	7	308	
17	89	5	7	0	310	
314	291	308	308	310	0	

Tree Matrix
------
0	88.125	12.29167	14.04167	16.66667	311.875	
88.125	0	83.58333	85.33333	87.95833	291	
12.29167	83.58333	0	2	5.125	307.33333	
14.04167	85.33333	2	0	6.875	309.08333	
16.66667	87.95833	5.125	6.875	0	311.70833	
311.875	291	307.33333	309.08333	311.70833	0	

Mimimal Branch Length + Error
------
0.125 		0.0625

Between		And		Length
-------		---		------
ModD4		ModD4VatS41-13		33.625
VatS41-13		ModD4VatS41-13		257.375
Giunta		GiuntaModD4VatS41-13		8.41667
ModD4VatS41-13		GiuntaModD4VatS41-13		46.08333
Pet1505		Pet1505Pet1515		0.125
Pet1515		Pet1505Pet1515		1.875
GiuntaModD4VatS41-13		GiuntaModD4VatS41-13Pet1519		3.5
Pet1519		GiuntaModD4VatS41-13Pet1519		4.75
GiuntaModD4VatS41-13Pet1519		Pet1505Pet1515		0.25
