Giunta
ModD4
Pet1505
Pet1515
Pet1519
VatS41-13

Start Matrix
------
0	77	6	8	11	273	
77	0	77	79	82	258	
6	77	0	2	5	273	
8	79	2	0	7	273	
11	82	5	7	0	278	
273	258	273	273	278	0	

Tree Matrix
------
0	77.25	6.16667	7.66667	11.16667	272.75	
77.25	0	77.08333	78.58333	82.08333	258	
6.16667	77.08333	0	2	5	272.58333	
7.66667	78.58333	2	0	7	274.08333	
11.16667	82.08333	5	7	0	277.58333	
272.75	258	272.58333	274.08333	277.58333	0	

Mimimal Branch Length + Error
------
0.25 		0.125

Between		And		Length
-------		---		------
ModD4		ModD4VatS41-13		31.25
VatS41-13		ModD4VatS41-13		226.75
Giunta		GiuntaModD4VatS41-13		3.16667
ModD4VatS41-13		GiuntaModD4VatS41-13		42.83333
Pet1505		Pet1505Pet1519		0
Pet1519		Pet1505Pet1519		5
GiuntaModD4VatS41-13		GiuntaModD4VatS41-13Pet1515		2.75
Pet1515		GiuntaModD4VatS41-13Pet1515		1.75
GiuntaModD4VatS41-13Pet1515		Pet1505Pet1519		0.25
