Giunta
ModD4
Pet1505
Pet1515
Pet1519
VatS41-13

Start Matrix
------
0	85	8	10	12	309	
85	0	83	85	87	296	
8	83	0	2	4	310	
10	85	2	0	6	310	
12	87	4	6	0	314	
309	296	310	310	314	0	

Tree Matrix
------
0	84.125	8.16667	9.66667	12.16667	309.875	
84.125	0	83.45833	84.95833	87.45833	296	
8.16667	83.45833	0	2	4	309.20833	
9.66667	84.95833	2	0	6	310.70833	
12.16667	87.45833	4	6	0	313.20833	
309.875	296	309.20833	310.70833	313.20833	0	

Mimimal Branch Length + Error
------
0.25 		0.125

Between		And		Length
-------		---		------
ModD4		ModD4VatS41-13		35.125
VatS41-13		ModD4VatS41-13		260.875
Giunta		GiuntaModD4VatS41-13		4.41667
ModD4VatS41-13		GiuntaModD4VatS41-13		44.58333
Pet1505		Pet1505Pet1519		0
Pet1519		Pet1505Pet1519		4
GiuntaModD4VatS41-13		GiuntaModD4VatS41-13Pet1515		3.5
Pet1515		GiuntaModD4VatS41-13Pet1515		1.75
GiuntaModD4VatS41-13Pet1515		Pet1505Pet1519		0.25
