1503.1
1508.3
FlorPanc27_aft
VatS41-13a
FlorPanc27_bef

Start Matrix
------
0	600	317	346	319	
600	0	362	354	362	
317	362	0	30	1	
346	354	30	0	34	
319	362	1	34	0	

Tree Matrix
------
0	600	322.75	334	325.25	
600	0	354.75	366	357.25	
322.75	354.75	0	30.75	1	
334	366	30.75	0	33.25	
325.25	357.25	1	33.25	0	

Deviation
---------
0	0	-5,75	12	-6,25
0	0	7,25	-12	4,75
-5,75	7,25	0	-0,75	0
12	-12	-0,75	0	0,75
-6,25	4,75	0	0,75	0


Mimimal Branch Length + Error
------
0.75 		0.375

Between		And		Length
-------		---		------
1503.1		1503.11508.3		284
1508.3		1503.11508.3		316
FlorPanc27_aft		FlorPanc27_aftFlorPanc27_bef		-0.75
FlorPanc27_bef		FlorPanc27_aftFlorPanc27_bef		1.75
1503.11508.3		1503.11508.3VatS41-13a		29
VatS41-13a		1503.11508.3VatS41-13a		21
1503.11508.3VatS41-13a		FlorPanc27_aftFlorPanc27_bef		10.5
