1503.1
1508.3
FlorPanc27_aft
VatS41-13a
FlorPanc27_bef

Start Matrix
------
0	791	445	487	443	
791	0	461	488	461	
445	461	0	88	1	
487	488	88	0	92	
443	461	1	92	0	

Tree Matrix
------
0	791	445.91667	481.66667	447.41667	
791	0	457.58333	493.33333	459.08333	
445.91667	457.58333	0	89.25	1	
481.66667	493.33333	89.25	0	90.75	
447.41667	459.08333	1	90.75	0	

Deviation
---------
0	0	-0,91667	5,33333	-4,41667
0	0	3,41667	-5,33333	1,91667
-0,91667	3,41667	0	-1,25	0
5,33333	-5,33333	-1,25	0	1,25
-4,41667	1,91667	0	1,25	0


Mimimal Branch Length + Error
------
0.25 		0.125

Between		And		Length
-------		---		------
1503.1		1503.11508.3		389.66667
1508.3		1503.11508.3		401.33333
FlorPanc27_aft		FlorPanc27_aftFlorPanc27_bef		-0.25
FlorPanc27_bef		FlorPanc27_aftFlorPanc27_bef		1.25
1503.11508.3		1503.11508.3VatS41-13a		29.5
VatS41-13a		1503.11508.3VatS41-13a		62.5
1503.11508.3VatS41-13a		FlorPanc27_aftFlorPanc27_bef		27
