1503.1
1508.3
FlorPanc27_aft
VatS41-13a
FlorPanc27_bef

Start Matrix
------
0	888	465	484	466	
888	0	711	726	710	
465	711	0	102	1	
484	726	102	0	103	
466	710	1	103	0	

Tree Matrix
------
0	888	465.75	483	466.25	
888	0	709.75	727	710.25	
465.75	709.75	0	102.25	1	
483	727	102.25	0	102.75	
466.25	710.25	1	102.75	0	

Deviation
---------
0	0	-0,75	1	-0,25
0	0	1,25	-1	-0,25
-0,75	1,25	0	-0,25	0
1	-1	-0,25	0	0,25
-0,25	-0,25	0	0,25	0


Mimimal Branch Length + Error
------
0.25 		0.125

Between		And		Length
-------		---		------
1503.1		1503.11508.3		322
1508.3		1503.11508.3		566
FlorPanc27_aft		FlorPanc27_aftFlorPanc27_bef		0.25
FlorPanc27_bef		FlorPanc27_aftFlorPanc27_bef		0.75
1503.11508.3		1503.11508.3VatS41-13a		101.25
VatS41-13a		1503.11508.3VatS41-13a		59.75
1503.11508.3VatS41-13a		FlorPanc27_aftFlorPanc27_bef		42.25
