1503.1
1508.3
FlorPanc27_aft
VatS41-13a
FlorPanc27_bef

Start Matrix
------
0	1014	393	417	394	
1014	0	764	780	765	
393	764	0	87	1	
417	780	87	0	88	
394	765	1	88	0	

Tree Matrix
------
0	1014	394.33333	414.33333	395.33333	
1014	0	762.66667	782.66667	763.66667	
394.33333	762.66667	0	87	1	
414.33333	782.66667	87	0	88	
395.33333	763.66667	1	88	0	

Deviation
---------
0	0	-1,33333	2,66667	-1,33333
0	0	1,33333	-2,66667	1,33333
-1,33333	1,33333	0	0	0
2,66667	-2,66667	0	0	0
-1,33333	1,33333	0	0	0


Mimimal Branch Length + Error
------
1 		0.5

Between		And		Length
-------		---		------
1503.1		1503.11508.3		322.83333
1508.3		1503.11508.3		691.16667
FlorPanc27_aft		FlorPanc27_aftFlorPanc27_bef		0
FlorPanc27_bef		FlorPanc27_aftFlorPanc27_bef		1
1503.11508.3		1503.11508.3VatS41-13a		38
VatS41-13a		1503.11508.3VatS41-13a		53.5
1503.11508.3VatS41-13a		FlorPanc27_aftFlorPanc27_bef		33.5
