1503.1
1508.3
FlorPanc27_aft
VatS41-13a

Start Matrix
------
0	777	523	550	
777	0	449	484	
523	449	0	107	
550	484	107	0	

Tree Matrix
------
0	777	521	552	
777	0	451	482	
521	451	0	107	
552	482	107	0	

Deviation
---------
0	0	2	-2
0	0	-2	2
2	-2	0	0
-2	2	0	0


Mimimal Branch Length + Error
------
38 		19

Between		And		Length
-------		---		------
1503.1		1503.11508.3		423.5
1508.3		1503.11508.3		353.5
FlorPanc27_aft		FlorPanc27_aftVatS41-13a		38
VatS41-13a		FlorPanc27_aftVatS41-13a		69
1503.11508.3		FlorPanc27_aftVatS41-13a		59.5
