1503.1
1508.3
FlorPanc27_aft
VatS41-13a

Start Matrix
------
0	791	445	487	
791	0	461	488	
445	461	0	88	
487	488	88	0	

Tree Matrix
------
0	791	448.75	483.25	
791	0	457.25	491.75	
448.75	457.25	0	88	
483.25	491.75	88	0	

Deviation
---------
0	0	-3,75	3,75
0	0	3,75	-3,75
-3,75	3,75	0	0
3,75	-3,75	0	0


Mimimal Branch Length + Error
------
26.75 		13.375

Between		And		Length
-------		---		------
1503.1		1503.11508.3		391.25
1508.3		1503.11508.3		399.75
FlorPanc27_aft		FlorPanc27_aftVatS41-13a		26.75
VatS41-13a		FlorPanc27_aftVatS41-13a		61.25
1503.11508.3		FlorPanc27_aftVatS41-13a		30.75
