1503.1
1508.3
FlorPanc27_aft
VatS41-13a

Start Matrix
------
0	850	297	301	
850	0	619	622	
297	619	0	28	
301	622	28	0	

Tree Matrix
------
0	850	297.25	300.75	
850	0	618.75	622.25	
297.25	618.75	0	28	
300.75	622.25	28	0	

Deviation
---------
0	0	-0,25	0,25
0	0	0,25	-0,25
-0,25	0,25	0	0
0,25	-0,25	0	0


Mimimal Branch Length + Error
------
12.25 		6.125

Between		And		Length
-------		---		------
1503.1		1503.11508.3		264.25
1508.3		1503.11508.3		585.75
FlorPanc27_aft		FlorPanc27_aftVatS41-13a		12.25
VatS41-13a		FlorPanc27_aftVatS41-13a		15.75
1503.11508.3		FlorPanc27_aftVatS41-13a		20.75
