Giunta
ModD4
Pet1505
VatS41

Start Matrix
------
0	157	44	150	
157	0	131	195	
44	131	0	119	
150	195	119	0	

Tree Matrix
------
0	158.25	44	148.75	
158.25	0	129.75	195	
44	129.75	0	120.25	
148.75	195	120.25	0	

Deviation
---------
0	-1,25	0	1,25
-1,25	0	1,25	0
0	1,25	0	-1,25
1,25	0	-1,25	0


Mimimal Branch Length + Error
------
7.75 		3.875

Between		And		Length
-------		---		------
Giunta		GiuntaPet1505		36.25
Pet1505		GiuntaPet1505		7.75
ModD4		ModD4VatS41		102.25
VatS41		ModD4VatS41		92.75
GiuntaPet1505		ModD4VatS41		19.75
