1503.1
Giunta
ModD4
Pet1505
Pet1515
Pet1519
SGall463
VatS41-13+13a
VatS41-13a
FlorPanc27

Start Matrix
------
0	155	150	152	152	155	39	164	127	109	
155	0	41	4	5	9	156	50	115	121	
150	41	0	37	38	42	164	84	136	124	
152	4	37	0	1	5	156	46	113	113	
152	5	38	1	0	6	154	47	114	114	
155	9	42	5	6	0	160	51	117	116	
39	156	164	156	154	160	0	161	137	119	
164	50	84	46	47	51	161	0	110	133	
127	115	136	113	114	117	137	110	0	22	
109	121	124	113	114	116	119	133	22	0	

Tree Matrix
------
0	150.21615	170.5625	146.26302	147.16146	150.98438	39	158.1875	120.45536	120.16964	
150.21615	0	41.0599	4	4.97656	9.0026	155.59115	52.77865	115.2965	115.01079	
170.5625	41.0599	0	37.10677	38.00521	41.82813	175.9375	73.125	135.64286	135.35714	
146.26302	4	37.10677	0	1.02344	5.04948	151.63802	48.82552	111.34338	111.05766	
147.16146	4.97656	38.00521	1.02344	0	5.94792	152.53646	49.72396	112.24182	111.9561	
150.98438	9.0026	41.82813	5.04948	5.94792	0	156.35938	53.54688	116.06473	115.77902	
39	155.59115	175.9375	151.63802	152.53646	156.35938	0	163.5625	125.83036	125.54464	
158.1875	52.77865	73.125	48.82552	49.72396	53.54688	163.5625	0	123.26786	122.98214	
120.45536	115.2965	135.64286	111.34338	112.24182	116.06473	125.83036	123.26786	0	22	
120.16964	115.01079	135.35714	111.05766	111.9561	115.77902	125.54464	122.98214	22	0	

Mimimal Branch Length + Error
------
0.02344 		0.01172

Between		And		Length
-------		---		------
1503.1		1503.1SGall463		16.8125
SGall463		1503.1SGall463		22.1875
VatS41-13a		VatS41-13aFlorPanc27		11.14286
FlorPanc27		VatS41-13aFlorPanc27		10.85714
1503.1SGall463		1503.1SGall463VatS41-13aFlorPanc27		60.875
VatS41-13aFlorPanc27		1503.1SGall463VatS41-13aFlorPanc27		31.625
1503.1SGall463VatS41-13aFlorPanc27		1503.1SGall463VatS41-13aFlorPanc27VatS41-13+13a		50.125
VatS41-13+13a		1503.1SGall463VatS41-13aFlorPanc27VatS41-13+13a		30.375
1503.1SGall463VatS41-13aFlorPanc27VatS41-13+13a		1503.1SGall463VatS41-13aFlorPanc27VatS41-13+13aModD4		12.04688
ModD4		1503.1SGall463VatS41-13aFlorPanc27VatS41-13+13aModD4		30.70313
1503.1SGall463VatS41-13aFlorPanc27VatS41-13+13aModD4		1503.1SGall463VatS41-13aFlorPanc27VatS41-13+13aModD4Pet1519		6.23958
Pet1519		1503.1SGall463VatS41-13aFlorPanc27VatS41-13+13aModD4Pet1519		4.88542
Giunta		GiuntaPet1505		3.97656
Pet1505		GiuntaPet1505		0.02344
1503.1SGall463VatS41-13aFlorPanc27VatS41-13+13aModD4Pet1519		1503.1SGall463VatS41-13aFlorPanc27VatS41-13+13aModD4Pet1519Pet1515		0.10156
Pet1515		1503.1SGall463VatS41-13aFlorPanc27VatS41-13+13aModD4Pet1519Pet1515		0.96094
1503.1SGall463VatS41-13aFlorPanc27VatS41-13+13aModD4Pet1519Pet1515		GiuntaPet1505		0.03906
