1503.1
Giunta
ModD4
Pet1505
Pet1515
Pet1519
SGall463
VatS41-13+13a
VatS41-13a
FlorPanc27

Start Matrix
------
0	143	143	136	136	148	26	159	107	101	
143	0	32	2	3	7	142	33	109	124	
143	32	0	30	31	35	153	47	115	125	
136	2	30	0	1	5	137	31	108	118	
136	3	31	1	0	6	138	32	109	119	
148	7	35	5	6	0	139	36	111	121	
26	142	153	137	138	139	0	145	119	108	
159	33	47	31	32	36	145	0	100	128	
107	109	115	108	109	111	119	100	0	18	
101	124	125	118	119	121	108	128	18	0	

Tree Matrix
------
0	140.18698	150.28333	138.0151	138.75208	142.92917	26	146.33333	102.92857	113.57143	
140.18698	0	32.21615	2	3.14323	7.08594	141.18698	33.95365	107.69888	118.34174	
150.28333	32.21615	0	30.04427	30.78125	34.95833	151.28333	44.05	117.79524	128.4381	
138.0151	2	30.04427	0	0.97135	4.91406	139.0151	31.78177	105.52701	116.16987	
138.75208	3.14323	30.78125	0.97135	0	5.88542	139.75208	32.51875	106.26399	116.90685	
142.92917	7.08594	34.95833	4.91406	5.88542	0	143.92917	36.69583	110.44107	121.08393	
26	141.18698	151.28333	139.0151	139.75208	143.92917	0	147.33333	103.92857	114.57143	
146.33333	33.95365	44.05	31.78177	32.51875	36.69583	147.33333	0	113.84524	124.4881	
102.92857	107.69888	117.79524	105.52701	106.26399	110.44107	103.92857	113.84524	0	18	
113.57143	118.34174	128.4381	116.16987	116.90685	121.08393	114.57143	124.4881	18	0	

Mimimal Branch Length + Error
------
0.08594 		0.04297

Between		And		Length
-------		---		------
1503.1		1503.1SGall463		12.5
SGall463		1503.1SGall463		13.5
VatS41-13a		VatS41-13aFlorPanc27		3.67857
FlorPanc27		VatS41-13aFlorPanc27		14.32143
1503.1SGall463		1503.1SGall463VatS41-13aFlorPanc27		55.20833
VatS41-13aFlorPanc27		1503.1SGall463VatS41-13aFlorPanc27		31.54167
1503.1SGall463VatS41-13aFlorPanc27		1503.1SGall463VatS41-13aFlorPanc27VatS41-13+13a		58.575
VatS41-13+13a		1503.1SGall463VatS41-13aFlorPanc27VatS41-13+13a		20.05
1503.1SGall463VatS41-13aFlorPanc27VatS41-13+13a		1503.1SGall463VatS41-13aFlorPanc27VatS41-13+13aModD4		2.84375
ModD4		1503.1SGall463VatS41-13aFlorPanc27VatS41-13+13aModD4		21.15625
1503.1SGall463VatS41-13aFlorPanc27VatS41-13+13aModD4		1503.1SGall463VatS41-13aFlorPanc27VatS41-13+13aModD4Pet1515		8.77083
Pet1515		1503.1SGall463VatS41-13aFlorPanc27VatS41-13+13aModD4Pet1515		0.85417
Giunta		GiuntaPet1505		2.08594
Pet1505		GiuntaPet1505		-0.08594
1503.1SGall463VatS41-13aFlorPanc27VatS41-13+13aModD4Pet1515		1503.1SGall463VatS41-13aFlorPanc27VatS41-13+13aModD4Pet1515Pet1519		0.11719
Pet1519		1503.1SGall463VatS41-13aFlorPanc27VatS41-13+13aModD4Pet1515Pet1519		4.91406
1503.1SGall463VatS41-13aFlorPanc27VatS41-13+13aModD4Pet1515Pet1519		GiuntaPet1505		0.08594
