1503.1
1508.3
FlorPanc27
SGall463
VatS41-13a

Start Matrix
------
0	353	243	66	269	
353	0	205	337	229	
243	205	0	263	52	
66	337	263	0	288	
269	229	52	288	0	

Tree Matrix
------
0	341.16667	249.54167	66	274.29167	
341.16667	0	204.625	348.83333	229.375	
249.54167	204.625	0	257.20833	52	
66	348.83333	257.20833	0	281.95833	
274.29167	229.375	52	281.95833	0	

Deviation
---------
0	11,83333	-6,54167	0	-5,29167
11,83333	0	0,375	-11,83333	-0,375
-6,54167	0,375	0	5,79167	0
0	-11,83333	5,79167	0	6,04167
-5,29167	-0,375	0	6,04167	0


Mimimal Branch Length + Error
------
13.625 		6.8125

Between		And		Length
-------		---		------
1503.1		1503.1SGall463		29.16667
SGall463		1503.1SGall463		36.83333
FlorPanc27		FlorPanc27VatS41-13a		13.625
VatS41-13a		FlorPanc27VatS41-13a		38.375
1503.1SGall463		1503.1SGall4631508.3		163.875
1508.3		1503.1SGall4631508.3		148.125
1503.1SGall4631508.3		FlorPanc27VatS41-13a		42.875
