1503.1
1508.3
FlorPanc27
SGall463
VatS41-13a

Start Matrix
------
0	439	236	73	246	
439	0	361	444	367	
236	361	0	243	53	
73	444	243	0	247	
246	367	53	247	0	

Tree Matrix
------
0	439.33333	237.58333	73	244.08333	
439.33333	0	360.75	443.66667	367.25	
237.58333	360.75	0	241.91667	53	
73	443.66667	241.91667	0	248.41667	
244.08333	367.25	53	248.41667	0	

Deviation
---------
0	-0,33333	-1,58333	0	1,91667
-0,33333	0	0,25	0,33333	-0,25
-1,58333	0,25	0	1,08333	0
0	0,33333	1,08333	0	-1,41667
1,91667	-0,25	0	-1,41667	0


Mimimal Branch Length + Error
------
23.25 		11.625

Between		And		Length
-------		---		------
1503.1		1503.1SGall463		34.33333
SGall463		1503.1SGall463		38.66667
FlorPanc27		FlorPanc27VatS41-13a		23.25
VatS41-13a		FlorPanc27VatS41-13a		29.75
1503.1SGall463		1503.1SGall4631508.3		123.75
1508.3		1503.1SGall4631508.3		281.25
1503.1SGall4631508.3		FlorPanc27VatS41-13a		56.25
