1503.1
1508.3
FlorPanc27
SGall463
VatS41-13a

Start Matrix
------
0	351	208	51	234	
351	0	210	356	224	
208	210	0	236	43	
51	356	236	0	245	
234	224	43	245	0	

Tree Matrix
------
0	346.16667	215.54167	51	231.29167	
346.16667	0	209.125	360.83333	224.875	
215.54167	209.125	0	230.20833	43	
51	360.83333	230.20833	0	245.95833	
231.29167	224.875	43	245.95833	0	

Deviation
---------
0	4,83333	-7,54167	0	2,70833
4,83333	0	0,875	-4,83333	-0,875
-7,54167	0,875	0	5,79167	0
0	-4,83333	5,79167	0	-0,95833
2,70833	-0,875	0	-0,95833	0


Mimimal Branch Length + Error
------
13.625 		6.8125

Between		And		Length
-------		---		------
1503.1		1503.1SGall463		18.16667
SGall463		1503.1SGall463		32.83333
FlorPanc27		FlorPanc27VatS41-13a		13.625
VatS41-13a		FlorPanc27VatS41-13a		29.375
1503.1SGall463		1503.1SGall4631508.3		158.125
1508.3		1503.1SGall4631508.3		169.875
1503.1SGall4631508.3		FlorPanc27VatS41-13a		25.625
