1503.1
1508.3
FlorPanc27
SGall463
VatS41-13a

Start Matrix
------
0	504	196	54	209	
504	0	384	502	388	
196	384	0	196	42	
54	502	196	0	209	
209	388	42	209	0	

Tree Matrix
------
0	503.33333	198.58333	54	207.08333	
503.33333	0	381.75	502.66667	390.25	
198.58333	381.75	0	197.91667	42	
54	502.66667	197.91667	0	206.41667	
207.08333	390.25	42	206.41667	0	

Deviation
---------
0	0,66667	-2,58333	0	1,91667
0,66667	0	2,25	-0,66667	-2,25
-2,58333	2,25	0	-1,91667	0
0	-0,66667	-1,91667	0	2,58333
1,91667	-2,25	0	2,58333	0


Mimimal Branch Length + Error
------
16.75 		8.375

Between		And		Length
-------		---		------
1503.1		1503.1SGall463		27.33333
SGall463		1503.1SGall463		26.66667
FlorPanc27		FlorPanc27VatS41-13a		16.75
VatS41-13a		FlorPanc27VatS41-13a		25.25
1503.1SGall463		1503.1SGall4631508.3		132.75
1508.3		1503.1SGall4631508.3		343.25
1503.1SGall4631508.3		FlorPanc27VatS41-13a		21.75
