1503.1
1508.3
FlorPanc27
SGall463
VatS41-13a

Start Matrix
------
0	268	182	8	166	
268	0	178	270	184	
182	178	0	201	16	
8	270	201	0	168	
166	184	16	168	0	

Tree Matrix
------
0	265.16667	180.04167	8	170.79167	
265.16667	0	185.625	272.83333	176.375	
180.04167	185.625	0	187.70833	16	
8	272.83333	187.70833	0	178.45833	
170.79167	176.375	16	178.45833	0	

Deviation
---------
0	2,83333	1,95833	0	-4,79167
2,83333	0	-7,625	-2,83333	7,625
1,95833	-7,625	0	13,29167	0
0	-2,83333	13,29167	0	-10,45833
-4,79167	7,625	0	-10,45833	0


Mimimal Branch Length + Error
------
0.16667 		0.08333

Between		And		Length
-------		---		------
1503.1		1503.1SGall463		0.16667
SGall463		1503.1SGall463		7.83333
FlorPanc27		FlorPanc27VatS41-13a		12.625
VatS41-13a		FlorPanc27VatS41-13a		3.375
1503.1SGall463		1503.1SGall4631508.3		129.625
1508.3		1503.1SGall4631508.3		135.375
1503.1SGall4631508.3		FlorPanc27VatS41-13a		37.625
