1503.1
1508.3
FlorPanc27
SGall463
VatS41-13a

Start Matrix
------
0	410	153	8	153	
410	0	307	412	309	
153	307	0	153	14	
8	412	153	0	156	
153	309	14	156	0	

Tree Matrix
------
0	410.16667	152.04167	8	153.79167	
410.16667	0	307.125	411.83333	308.875	
152.04167	307.125	0	153.70833	14	
8	411.83333	153.70833	0	155.45833	
153.79167	308.875	14	155.45833	0	

Deviation
---------
0	-0,16667	0,95833	0	-0,79167
-0,16667	0	-0,125	0,16667	0,125
0,95833	-0,125	0	-0,70833	0
0	0,16667	-0,70833	0	0,54167
-0,79167	0,125	0	0,54167	0


Mimimal Branch Length + Error
------
3.16667 		1.58333

Between		And		Length
-------		---		------
1503.1		1503.1SGall463		3.16667
SGall463		1503.1SGall463		4.83333
FlorPanc27		FlorPanc27VatS41-13a		6.125
VatS41-13a		FlorPanc27VatS41-13a		7.875
1503.1SGall463		1503.1SGall4631508.3		124.375
1508.3		1503.1SGall4631508.3		282.625
1503.1SGall4631508.3		FlorPanc27VatS41-13a		18.375
