1503.1
1508.3
FlorPanc27
Giunta
ModD4
Pet1505
Pet1515
Pet1519
SGall463
VatS41-13a
VatS41-13+13a

Start Matrix
------
0	223	93	199	198	196	197	200	27	104	205	
223	0	174	222	217	221	221	224	221	177	232	
93	174	0	117	124	117	118	120	95	19	122	
199	222	117	0	32	2	3	7	198	112	32	
198	217	124	32	0	30	31	35	201	127	46	
196	221	117	2	30	0	1	5	194	112	30	
197	221	118	3	31	1	0	6	195	113	31	
200	224	120	7	35	5	6	0	198	115	35	
27	221	95	198	201	194	195	198	0	102	205	
104	177	19	112	127	112	113	115	102	0	103	
205	232	122	32	46	30	31	35	205	103	0	

Tree Matrix
------
0	246.80655	94.33333	193.77504	196.80655	191.89222	192.86097	196.5042	27	99.27083	202.7503	
246.80655	0	170.59821	220.84349	223.875	218.96068	219.92943	223.57266	246.13988	166.46429	229.81875	
94.33333	170.59821	0	117.5667	120.59821	115.68389	116.65264	120.29587	93.66667	23.0625	126.54196	
193.77504	220.84349	117.5667	0	33.01849	2.01563	2.98438	6.93229	193.10837	113.43278	32.01693	
196.80655	223.875	120.59821	33.01849	0	31.13568	32.10443	35.74766	196.13988	116.46429	41.99375	
191.89222	218.96068	115.68389	2.01563	31.13568	0	1	5.04948	191.22556	111.54996	30.13411	
192.86097	219.92943	116.65264	2.98438	32.10443	1	0	6.01823	192.19431	112.51871	31.10286	
196.5042	223.57266	120.29587	6.93229	35.74766	5.04948	6.01823	0	195.83754	116.16194	34.74609	
27	246.13988	93.66667	193.10837	196.13988	191.22556	192.19431	195.83754	0	98.60417	202.08363	
99.27083	166.46429	23.0625	113.43278	116.46429	111.54996	112.51871	116.16194	98.60417	0	122.40804	
202.7503	229.81875	126.54196	32.01693	41.99375	30.13411	31.10286	34.74609	202.08363	122.40804	0	

Deviation
---------
0	-23,80655	-1,33333	5,22496	1,19345	4,10778	4,13903	3,4958	0	4,72917	2,2497
-23,80655	0	3,40179	1,15651	-6,875	2,03932	1,07057	0,42734	-25,13988	10,53571	2,18125
-1,33333	3,40179	0	-0,5667	3,40179	1,31611	1,34736	-0,29587	1,33333	-4,0625	-4,54196
5,22496	1,15651	-0,5667	0	-1,01849	-0,01563	0,01562	0,06771	4,89163	-1,43278	-0,01693
1,19345	-6,875	3,40179	-1,01849	0	-1,13568	-1,10443	-0,74766	4,86012	10,53571	4,00625
4,10778	2,03932	1,31611	-0,01563	-1,13568	0	0	-0,04948	2,77444	0,45004	-0,13411
4,13903	1,07057	1,34736	0,01562	-1,10443	0	0	-0,01823	2,80569	0,48129	-0,10286
3,4958	0,42734	-0,29587	0,06771	-0,74766	-0,04948	-0,01823	0	2,16246	-1,16194	0,25391
0	-25,13988	1,33333	4,89163	4,86012	2,77444	2,80569	2,16246	0	3,39583	2,91637
4,72917	10,53571	-4,0625	-1,43278	10,53571	0,45004	0,48129	-1,16194	3,39583	0	-19,40804
2,2497	2,18125	-4,54196	-0,01693	4,00625	-0,13411	-0,10286	0,25391	2,91637	-19,40804	0


Mimimal Branch Length + Error
------
0.01563 		0.00781

Between		And		Length
-------		---		------
1503.1		1503.1SGall463		13.83333
SGall463		1503.1SGall463		13.16667
1503.1SGall463		1503.1SGall463FlorPanc27		71.4375
FlorPanc27		1503.1SGall463FlorPanc27		9.0625
1503.1SGall463FlorPanc27		1503.1SGall463FlorPanc27VatS41-13a		4.53571
VatS41-13a		1503.1SGall463FlorPanc27VatS41-13a		9.46429
1503.1SGall463FlorPanc27VatS41-13a		1503.1SGall463FlorPanc27VatS41-13a1508.3		20.0625
1508.3		1503.1SGall463FlorPanc27VatS41-13a1508.3		136.9375
1503.1SGall463FlorPanc27VatS41-13a1508.3		1503.1SGall463FlorPanc27VatS41-13a1508.3ModD4		68.9125
ModD4		1503.1SGall463FlorPanc27VatS41-13a1508.3ModD4		18.025
1503.1SGall463FlorPanc27VatS41-13a1508.3ModD4		1503.1SGall463FlorPanc27VatS41-13a1508.3ModD4VatS41-13+13a		3.47266
VatS41-13+13a		1503.1SGall463FlorPanc27VatS41-13a1508.3ModD4VatS41-13+13a		20.49609
1503.1SGall463FlorPanc27VatS41-13a1508.3ModD4VatS41-13+13a		1503.1SGall463FlorPanc27VatS41-13a1508.3ModD4VatS41-13+13aPet1519		9.41927
Pet1519		1503.1SGall463FlorPanc27VatS41-13a1508.3ModD4VatS41-13+13aPet1519		4.83073
Pet1505		Pet1505Pet1515		0.01563
Pet1515		Pet1505Pet1515		0.98438
1503.1SGall463FlorPanc27VatS41-13a1508.3ModD4VatS41-13+13aPet1519		1503.1SGall463FlorPanc27VatS41-13a1508.3ModD4VatS41-13+13aPet1519Giunta		0.15234
Giunta		1503.1SGall463FlorPanc27VatS41-13a1508.3ModD4VatS41-13+13aPet1519Giunta		1.94922
1503.1SGall463FlorPanc27VatS41-13a1508.3ModD4VatS41-13+13aPet1519Giunta		Pet1505Pet1515		0.05078
