1503.1
1508.3
FlorPanc27
Giunta
ModD4
Pet-1505
Pet-1515
Pet-1519
SGall463
VatS41-13a

Start Matrix
------
0	181	74	154	154	151	152	151	4	72	
181	0	141	181	176	181	181	181	182	139	
74	141	0	86	92	87	88	87	75	1	
154	181	86	0	7	1	2	2	155	85	
154	176	92	7	0	6	7	7	155	91	
151	181	87	1	6	0	1	1	152	86	
152	181	88	2	7	1	0	2	153	87	
151	181	87	2	7	1	2	0	152	86	
4	182	75	155	155	152	153	152	0	73	
72	139	1	85	91	86	87	86	73	0	

Tree Matrix
------
0	190.95833	73.64286	150.88125	149.80833	149.94375	150.85	150.55833	4	72.35714	
190.95833	0	130.68452	180.47292	179.4	179.53542	180.44167	180.15	191.95833	129.39881	
73.64286	130.68452	0	90.60744	89.53452	89.66994	90.57619	90.28452	74.64286	1	
150.88125	180.47292	90.60744	0	7.07292	1	1.96875	1.98958	151.88125	89.32173	
149.80833	179.4	89.53452	7.07292	0	6.13542	7.04167	6.75	150.80833	88.24881	
149.94375	179.53542	89.66994	1	6.13542	0	1.03125	1.05208	150.94375	88.38423	
150.85	180.44167	90.57619	1.96875	7.04167	1.03125	0	1.95833	151.85	89.29048	
150.55833	180.15	90.28452	1.98958	6.75	1.05208	1.95833	0	151.55833	88.99881	
4	191.95833	74.64286	151.88125	150.80833	150.94375	151.85	151.55833	0	73.35714	
72.35714	129.39881	1	89.32173	88.24881	88.38423	89.29048	88.99881	73.35714	0	

Deviation
---------
0	-9,95833	0,35714	3,11875	4,19167	1,05625	1,15	0,44167	0	-0,35714
-9,95833	0	10,31548	0,52708	-3,4	1,46458	0,55833	0,85	-9,95833	9,60119
0,35714	10,31548	0	-4,60744	2,46548	-2,66994	-2,57619	-3,28452	0,35714	0
3,11875	0,52708	-4,60744	0	-0,07292	0	0,03125	0,01042	3,11875	-4,32173
4,19167	-3,4	2,46548	-0,07292	0	-0,13542	-0,04167	0,25	4,19167	2,75119
1,05625	1,46458	-2,66994	0	-0,13542	0	-0,03125	-0,05208	1,05625	-2,38423
1,15	0,55833	-2,57619	0,03125	-0,04167	-0,03125	0	0,04167	1,15	-2,29048
0,44167	0,85	-3,28452	0,01042	0,25	-0,05208	0,04167	0	0,44167	-2,99881
0	-9,95833	0,35714	3,11875	4,19167	1,05625	1,15	0,44167	0	-0,35714
-0,35714	9,60119	0	-4,32173	2,75119	-2,38423	-2,29048	-2,99881	-0,35714	0


Mimimal Branch Length + Error
------
0.03125 		0.01563

Between		And		Length
-------		---		------
1503.1		1503.1SGall463		1.5
SGall463		1503.1SGall463		2.5
FlorPanc27		FlorPanc27VatS41-13a		1.14286
VatS41-13a		FlorPanc27VatS41-13a		-0.14286
1503.1SGall463		1503.1SGall463FlorPanc27VatS41-13a		65.45833
FlorPanc27VatS41-13a		1503.1SGall463FlorPanc27VatS41-13a		5.54167
1503.1SGall463FlorPanc27VatS41-13a		1503.1SGall463FlorPanc27VatS41-13a1508.3		13.725
1508.3		1503.1SGall463FlorPanc27VatS41-13a1508.3		110.275
1503.1SGall463FlorPanc27VatS41-13a1508.3		1503.1SGall463FlorPanc27VatS41-13a1508.3ModD4		66.125
ModD4		1503.1SGall463FlorPanc27VatS41-13a1508.3ModD4		3
1503.1SGall463FlorPanc27VatS41-13a1508.3ModD4		1503.1SGall463FlorPanc27VatS41-13a1508.3ModD4Pet-1519		2.91667
Pet-1519		1503.1SGall463FlorPanc27VatS41-13a1508.3ModD4Pet-1519		0.83333
Giunta		GiuntaPet-1505		0.96875
Pet-1505		GiuntaPet-1505		0.03125
1503.1SGall463FlorPanc27VatS41-13a1508.3ModD4Pet-1519		1503.1SGall463FlorPanc27VatS41-13a1508.3ModD4Pet-1519Pet-1515		0.15625
Pet-1515		1503.1SGall463FlorPanc27VatS41-13a1508.3ModD4Pet-1519Pet-1515		0.96875
1503.1SGall463FlorPanc27VatS41-13a1508.3ModD4Pet-1519Pet-1515		GiuntaPet-1505		0.03125
