1503.1
1508.3
FlorPanc27
Giunta
ModD4
Pet-1505
Pet-1515
Pet-1519
SGall463
VatS41-13a

Start Matrix
------
0	164	101	143	143	136	136	148	26	107	
164	0	94	160	160	157	157	160	169	108	
101	94	0	124	125	118	119	121	108	18	
143	160	124	0	32	2	3	7	142	109	
143	160	125	32	0	30	31	35	153	115	
136	157	118	2	30	0	1	5	137	108	
136	157	119	3	31	1	0	6	138	109	
148	160	121	7	35	5	6	0	139	111	
26	169	108	142	153	137	138	139	0	119	
107	108	18	109	115	108	109	111	119	0	

Tree Matrix
------
0	158.625	115.57143	139.11406	144.3875	136.78594	137.15313	141.62188	26	110.92857	
158.625	0	103.32143	159.33906	164.6125	157.01094	157.37813	161.84688	162	98.67857	
115.57143	103.32143	0	116.28549	121.55893	113.95737	114.32455	118.7933	118.94643	18	
139.11406	159.33906	116.28549	0	32.44531	2	3.27344	7.16406	142.48906	111.64263	
144.3875	164.6125	121.55893	32.44531	0	30.11719	30.48438	34.95313	147.7625	116.91607	
136.78594	157.01094	113.95737	2	30.11719	0	0.94531	4.83594	140.16094	109.31451	
137.15313	157.37813	114.32455	3.27344	30.48438	0.94531	0	5.78125	140.52813	109.6817	
141.62188	161.84688	118.7933	7.16406	34.95313	4.83594	5.78125	0	144.99688	114.15045	
26	162	118.94643	142.48906	147.7625	140.16094	140.52813	144.99688	0	114.30357	
110.92857	98.67857	18	111.64263	116.91607	109.31451	109.6817	114.15045	114.30357	0	

Deviation
---------
0	5,375	-14,57143	3,88594	-1,3875	-0,78594	-1,15313	6,37812	0	-3,92857
5,375	0	-9,32143	0,66094	-4,6125	-0,01094	-0,37813	-1,84688	7	9,32143
-14,57143	-9,32143	0	7,71451	3,44107	4,04263	4,67545	2,2067	-10,94643	0
3,88594	0,66094	7,71451	0	-0,44531	0	-0,27344	-0,16406	-0,48906	-2,64263
-1,3875	-4,6125	3,44107	-0,44531	0	-0,11719	0,51562	0,04687	5,2375	-1,91607
-0,78594	-0,01094	4,04263	0	-0,11719	0	0,05469	0,16406	-3,16094	-1,31451
-1,15313	-0,37813	4,67545	-0,27344	0,51562	0,05469	0	0,21875	-2,52813	-0,6817
6,37812	-1,84688	2,2067	-0,16406	0,04687	0,16406	0,21875	0	-5,99688	-3,15045
0	7	-10,94643	-0,48906	5,2375	-3,16094	-2,52813	-5,99688	0	4,69643
-3,92857	9,32143	0	-2,64263	-1,91607	-1,31451	-0,6817	-3,15045	4,69643	0


Mimimal Branch Length + Error
------
0.16406 		0.08203

Between		And		Length
-------		---		------
1503.1		1503.1SGall463		11.3125
SGall463		1503.1SGall463		14.6875
FlorPanc27		FlorPanc27VatS41-13a		11.32143
VatS41-13a		FlorPanc27VatS41-13a		6.67857
1508.3		1508.3FlorPanc27VatS41-13a		73.1875
FlorPanc27VatS41-13a		1508.3FlorPanc27VatS41-13a		18.8125
1503.1SGall463		1503.1SGall4631508.3FlorPanc27VatS41-13a		57.8875
1508.3FlorPanc27VatS41-13a		1503.1SGall4631508.3FlorPanc27VatS41-13a		16.2375
1503.1SGall4631508.3FlorPanc27VatS41-13a		1503.1SGall4631508.3FlorPanc27VatS41-13aModD4		56.32813
ModD4		1503.1SGall4631508.3FlorPanc27VatS41-13aModD4		18.85938
1503.1SGall4631508.3FlorPanc27VatS41-13aModD4		1503.1SGall4631508.3FlorPanc27VatS41-13aModD4Pet-1515		10.96875
Pet-1515		1503.1SGall4631508.3FlorPanc27VatS41-13aModD4Pet-1515		0.65625
Giunta		GiuntaPet-1505		2.16406
Pet-1505		GiuntaPet-1505		-0.16406
1503.1SGall4631508.3FlorPanc27VatS41-13aModD4Pet-1515		1503.1SGall4631508.3FlorPanc27VatS41-13aModD4Pet-1515Pet-1519		0.28906
Pet-1519		1503.1SGall4631508.3FlorPanc27VatS41-13aModD4Pet-1515Pet-1519		4.83594
1503.1SGall4631508.3FlorPanc27VatS41-13aModD4Pet-1515Pet-1519		GiuntaPet-1505		0.16406
