1503.1
1508.3
FlorPanc27
Giunta
ModD4
Pet1505
Pet1515
Pet1519
SGall463
VatS41-13_13a

Start Matrix
------
0	181	74	154	154	151	152	151	4	153	
181	0	141	181	176	181	181	181	182	183	
74	141	0	86	92	87	88	87	75	89	
154	181	86	0	7	1	2	2	155	7	
154	176	92	7	0	6	7	7	155	12	
151	181	87	1	6	0	1	1	152	6	
152	181	88	2	7	1	0	2	153	7	
151	181	87	2	7	1	2	0	152	7	
4	182	75	155	155	152	153	152	0	154	
153	183	89	7	12	6	7	7	154	0	

Tree Matrix
------
0	191.42857	74	150.5317	149.84524	149.56295	150.51607	150.37024	4	153.74524	
191.42857	0	130.57143	180.26979	179.58333	179.30104	180.25417	180.10833	192.42857	183.48333	
74	130.57143	0	89.67455	88.9881	88.7058	89.65893	89.5131	75	92.8881	
150.5317	180.26979	89.67455	0	7.38646	1	1.98438	1.99479	151.5317	7.03646	
149.84524	179.58333	88.9881	7.38646	0	6.41771	7.37083	7.225	150.84524	10.6	
149.56295	179.30104	88.7058	1	6.41771	0	1.01563	1.02604	150.56295	6.06771	
150.51607	180.25417	89.65893	1.98438	7.37083	1.01563	0	1.97917	151.51607	7.02083	
150.37024	180.10833	89.5131	1.99479	7.225	1.02604	1.97917	0	151.37024	6.875	
4	192.42857	75	151.5317	150.84524	150.56295	151.51607	151.37024	0	154.74524	
153.74524	183.48333	92.8881	7.03646	10.6	6.06771	7.02083	6.875	154.74524	0	

Deviation
---------
0	-10,42857	0	3,4683	4,15476	1,43705	1,48393	0,62976	0	-0,74524
-10,42857	0	10,42857	0,73021	-3,58333	1,69896	0,74583	0,89167	-10,42857	-0,48333
0	10,42857	0	-3,67455	3,0119	-1,7058	-1,65893	-2,5131	0	-3,8881
3,4683	0,73021	-3,67455	0	-0,38646	0	0,01562	0,00521	3,4683	-0,03646
4,15476	-3,58333	3,0119	-0,38646	0	-0,41771	-0,37083	-0,225	4,15476	1,4
1,43705	1,69896	-1,7058	0	-0,41771	0	-0,01563	-0,02604	1,43705	-0,06771
1,48393	0,74583	-1,65893	0,01562	-0,37083	-0,01563	0	0,02083	1,48393	-0,02083
0,62976	0,89167	-2,5131	0,00521	-0,225	-0,02604	0,02083	0	0,62976	0,125
0	-10,42857	0	3,4683	4,15476	1,43705	1,48393	0,62976	0	-0,74524
-0,74524	-0,48333	-3,8881	-0,03646	1,4	-0,06771	-0,02083	0,125	-0,74524	0


Mimimal Branch Length + Error
------
0.01563 		0.00781

Between		And		Length
-------		---		------
1503.1		1503.1SGall463		1.5
SGall463		1503.1SGall463		2.5
1503.1SGall463		1503.1SGall463FlorPanc27		65.92857
FlorPanc27		1503.1SGall463FlorPanc27		6.57143
1503.1SGall463FlorPanc27		1503.1SGall463FlorPanc271508.3		13.41667
1508.3		1503.1SGall463FlorPanc271508.3		110.58333
1503.1SGall463FlorPanc271508.3		1503.1SGall463FlorPanc271508.3ModD4		65.65
ModD4		1503.1SGall463FlorPanc271508.3ModD4		3.35
1503.1SGall463FlorPanc271508.3ModD4		1503.1SGall463FlorPanc271508.3ModD4VatS41-13_13a		2.125
VatS41-13_13a		1503.1SGall463FlorPanc271508.3ModD4VatS41-13_13a		5.125
1503.1SGall463FlorPanc271508.3ModD4VatS41-13_13a		1503.1SGall463FlorPanc271508.3ModD4VatS41-13_13aPet1519		0.83333
Pet1519		1503.1SGall463FlorPanc271508.3ModD4VatS41-13_13aPet1519		0.91667
Giunta		GiuntaPet1505		0.98438
Pet1505		GiuntaPet1505		0.01563
1503.1SGall463FlorPanc271508.3ModD4VatS41-13_13aPet1519		1503.1SGall463FlorPanc271508.3ModD4VatS41-13_13aPet1519Pet1515		0.07813
Pet1515		1503.1SGall463FlorPanc271508.3ModD4VatS41-13_13aPet1519Pet1515		0.98438
1503.1SGall463FlorPanc271508.3ModD4VatS41-13_13aPet1519Pet1515		GiuntaPet1505		0.01563
