1503.1
1508.3
FlorPanc27
Giunta
ModD4
Pet1505
Pet1515
Pet1519
SGall463
VatS41-13_13a

Start Matrix
------
0	223	93	199	198	196	197	200	27	205	
223	0	174	222	217	221	221	224	221	232	
93	174	0	117	124	117	118	120	95	122	
199	222	117	0	32	2	3	7	198	32	
198	217	124	32	0	30	31	35	201	46	
196	221	117	2	30	0	1	5	194	30	
197	221	118	3	31	1	0	6	195	31	
200	224	120	7	35	5	6	0	198	35	
27	221	95	198	201	194	195	198	0	205	
205	232	122	32	46	30	31	35	205	0	

Tree Matrix
------
0	235.60714	94.25	195.04829	195.19048	193.11079	194.07954	197.73579	27	205.97798	
235.60714	0	160.64286	221.02448	221.16667	219.08698	220.05573	223.71198	235.10714	231.95417	
94.25	160.64286	0	120.084	120.22619	118.1465	119.11525	122.7715	93.75	131.01369	
195.04829	221.02448	120.084	0	32.65781	2.01563	2.98438	6.96875	194.54829	32.05469	
195.19048	221.16667	120.22619	32.65781	0	30.72031	31.68906	35.34531	194.69048	43.5875	
193.11079	219.08698	118.1465	2.01563	30.72031	0	1	5.03125	192.61079	30.11719	
194.07954	220.05573	119.11525	2.98438	31.68906	1	0	6	193.57954	31.08594	
197.73579	223.71198	122.7715	6.96875	35.34531	5.03125	6	0	197.23579	34.74219	
27	235.10714	93.75	194.54829	194.69048	192.61079	193.57954	197.23579	0	205.47798	
205.97798	231.95417	131.01369	32.05469	43.5875	30.11719	31.08594	34.74219	205.47798	0	

Deviation
---------
0	-12,60714	-1,25	3,95171	2,80952	2,88921	2,92046	2,26421	0	-0,97798
-12,60714	0	13,35714	0,97552	-4,16667	1,91302	0,94427	0,28802	-14,10714	0,04583
-1,25	13,35714	0	-3,084	3,77381	-1,1465	-1,11525	-2,7715	1,25	-9,01369
3,95171	0,97552	-3,084	0	-0,65781	-0,01563	0,01562	0,03125	3,45171	-0,05469
2,80952	-4,16667	3,77381	-0,65781	0	-0,72031	-0,68906	-0,34531	6,30952	2,4125
2,88921	1,91302	-1,1465	-0,01563	-0,72031	0	0	-0,03125	1,38921	-0,11719
2,92046	0,94427	-1,11525	0,01562	-0,68906	0	0	0	1,42046	-0,08594
2,26421	0,28802	-2,7715	0,03125	-0,34531	-0,03125	0	0	0,76421	0,25781
0	-14,10714	1,25	3,45171	6,30952	1,38921	1,42046	0,76421	0	-0,47798
-0,97798	0,04583	-9,01369	-0,05469	2,4125	-0,11719	-0,08594	0,25781	-0,47798	0


Mimimal Branch Length + Error
------
0.01563 		0.00781

Between		And		Length
-------		---		------
1503.1		1503.1SGall463		13.75
SGall463		1503.1SGall463		13.25
1503.1SGall463		1503.1SGall463FlorPanc27		70.85714
FlorPanc27		1503.1SGall463FlorPanc27		9.64286
1503.1SGall463FlorPanc27		1503.1SGall463FlorPanc271508.3		20.20833
1508.3		1503.1SGall463FlorPanc271508.3		130.79167
1503.1SGall463FlorPanc271508.3		1503.1SGall463FlorPanc271508.3ModD4		73.975
ModD4		1503.1SGall463FlorPanc271508.3ModD4		16.4
1503.1SGall463FlorPanc271508.3ModD4		1503.1SGall463FlorPanc271508.3ModD4VatS41-13_13a		5.69531
VatS41-13_13a		1503.1SGall463FlorPanc271508.3ModD4VatS41-13_13a		21.49219
1503.1SGall463FlorPanc271508.3ModD4VatS41-13_13a		1503.1SGall463FlorPanc271508.3ModD4VatS41-13_13aPet1519		8.42188
Pet1519		1503.1SGall463FlorPanc271508.3ModD4VatS41-13_13aPet1519		4.82813
Pet1505		Pet1505Pet1515		0.01563
Pet1515		Pet1505Pet1515		0.98438
1503.1SGall463FlorPanc271508.3ModD4VatS41-13_13aPet1519		1503.1SGall463FlorPanc271508.3ModD4VatS41-13_13aPet1519Giunta		0.16406
Giunta		1503.1SGall463FlorPanc271508.3ModD4VatS41-13_13aPet1519Giunta		1.97656
1503.1SGall463FlorPanc271508.3ModD4VatS41-13_13aPet1519Giunta		Pet1505Pet1515		0.02344
