1503.1
Flor232
FlorPanc27
Giunta
ModD4
Pet1505
Pet1515
Pet1519
SGall463
VatS41-13+13a
VatS41-13a

Start Matrix
------
0	258	109	155	150	152	152	155	39	164	127	
258	0	270	240	303	247	247	251	260	252	289	
109	270	0	121	124	113	114	116	119	133	22	
155	240	121	0	41	4	5	9	156	50	115	
150	303	124	41	0	37	38	42	164	84	136	
152	247	113	4	37	0	1	5	156	46	113	
152	247	114	5	38	1	0	6	154	47	114	
155	251	116	9	42	5	6	0	160	51	117	
39	260	119	156	164	156	154	160	0	161	137	
164	252	133	50	84	46	47	51	161	0	110	
127	289	22	115	136	113	114	117	137	110	0	

Tree Matrix
------
0	256.5	143.36607	145.06815	172.7244	141.67493	142.62805	146.52649	39	151.6994	145.99107	
256.5	0	254.00893	255.71101	283.36726	252.31778	253.27091	257.16935	261.5	262.34226	256.63393	
143.36607	254.00893	0	112.53542	140.19167	109.14219	110.09531	113.99375	148.36607	119.16667	22	
145.06815	255.71101	112.53542	0	40.59375	4.0651	5.01823	8.91667	150.06815	50.94375	115.16042	
172.7244	283.36726	140.19167	40.59375	0	37.20052	38.15365	42.05208	177.7244	78.6	142.81667	
141.67493	252.31778	109.14219	4.0651	37.20052	0	1	5.02344	146.67493	47.55052	111.76719	
142.62805	253.27091	110.09531	5.01823	38.15365	1	0	5.97656	147.62805	48.50365	112.72031	
146.52649	257.16935	113.99375	8.91667	42.05208	5.02344	5.97656	0	151.52649	52.40208	116.61875	
39	261.5	148.36607	150.06815	177.7244	146.67493	147.62805	151.52649	0	156.6994	150.99107	
151.6994	262.34226	119.16667	50.94375	78.6	47.55052	48.50365	52.40208	156.6994	0	121.79167	
145.99107	256.63393	22	115.16042	142.81667	111.76719	112.72031	116.61875	150.99107	121.79167	0	

Mimimal Branch Length + Error
------
0.02344 		0.01172

Between		And		Length
-------		---		------
1503.1		1503.1SGall463		17
SGall463		1503.1SGall463		22
FlorPanc27		FlorPanc27VatS41-13a		9.6875
VatS41-13a		FlorPanc27VatS41-13a		12.3125
1503.1SGall463		1503.1SGall463Flor232		55.92857
Flor232		1503.1SGall463Flor232		183.57143
1503.1SGall463Flor232		1503.1SGall463Flor232FlorPanc27VatS41-13a		15.02083
FlorPanc27VatS41-13a		1503.1SGall463Flor232FlorPanc27VatS41-13a		45.72917
1503.1SGall463Flor232FlorPanc27VatS41-13a		1503.1SGall463Flor232FlorPanc27VatS41-13aVatS41-13+13a		34.9625
VatS41-13+13a		1503.1SGall463Flor232FlorPanc27VatS41-13aVatS41-13+13a		28.7875
1503.1SGall463Flor232FlorPanc27VatS41-13aVatS41-13+13a		1503.1SGall463Flor232FlorPanc27VatS41-13aVatS41-13+13aModD4		15.6875
ModD4		1503.1SGall463Flor232FlorPanc27VatS41-13aVatS41-13+13aModD4		34.125
1503.1SGall463Flor232FlorPanc27VatS41-13aVatS41-13+13aModD4		1503.1SGall463Flor232FlorPanc27VatS41-13aVatS41-13+13aModD4Giunta		2.73958
Giunta		1503.1SGall463Flor232FlorPanc27VatS41-13aVatS41-13+13aModD4Giunta		3.72917
Pet1505		Pet1505Pet1515		0.02344
Pet1515		Pet1505Pet1515		0.97656
1503.1SGall463Flor232FlorPanc27VatS41-13aVatS41-13+13aModD4Giunta		1503.1SGall463Flor232FlorPanc27VatS41-13aVatS41-13+13aModD4GiuntaPet1519		0.25
Pet1519		1503.1SGall463Flor232FlorPanc27VatS41-13aVatS41-13+13aModD4GiuntaPet1519		4.9375
1503.1SGall463Flor232FlorPanc27VatS41-13aVatS41-13+13aModD4GiuntaPet1519		Pet1505Pet1515		0.0625
