1503.1
Flor232
FlorPanc27
Giunta
ModD4
Pet1505
Pet1515
Pet1519
SGall463
VatS41-13+13a
VatS41-13a

Start Matrix
------
0	338	74	154	154	151	152	151	4	153	72	
338	0	295	322	344	323	322	323	338	319	299	
74	295	0	86	92	87	88	87	75	89	1	
154	322	86	0	7	1	2	2	155	7	85	
154	344	92	7	0	6	7	7	155	12	91	
151	323	87	1	6	0	1	1	152	6	86	
152	322	88	2	7	1	0	2	153	7	87	
151	323	87	2	7	1	2	0	152	7	86	
4	338	75	155	155	152	153	152	0	154	73	
153	319	89	7	12	6	7	7	154	0	88	
72	299	1	85	91	86	87	86	73	88	0	

Tree Matrix
------
0	347.98413	73.30556	150.1935	156.30809	149.49559	149.75079	150.01642	4	147.90079	72.80556	
347.98413	0	286.82143	324.87604	330.99063	324.17813	324.43333	324.69896	348.87302	322.58333	286.32143	
73.30556	286.82143	0	89.0308	95.14539	88.33289	88.5881	88.85372	74.19444	86.7381	1	
150.1935	324.87604	89.0308	0	7.40625	0.59375	1.91146	1.64583	151.08239	6.59271	88.5308	
156.30809	330.99063	95.14539	7.40625	0	6	8.02604	7.76042	157.19697	12.70729	94.64539	
149.49559	324.17813	88.33289	0.59375	6	0	1.21354	0.94792	150.38447	5.89479	87.83289	
149.75079	324.43333	88.5881	1.91146	8.02604	1.21354	0	1.73438	150.63968	6.15	88.0881	
150.01642	324.69896	88.85372	1.64583	7.76042	0.94792	1.73438	0	150.90531	6.41563	88.35372	
4	348.87302	74.19444	151.08239	157.19697	150.38447	150.63968	150.90531	0	148.78968	73.69444	
147.90079	322.58333	86.7381	6.59271	12.70729	5.89479	6.15	6.41563	148.78968	0	86.2381	
72.80556	286.32143	1	88.5308	94.64539	87.83289	88.0881	88.35372	73.69444	86.2381	0	

Mimimal Branch Length + Error
------
0.25 		0.125

Between		And		Length
-------		---		------
1503.1		1503.1SGall463		1.55556
SGall463		1503.1SGall463		2.44444
FlorPanc27		FlorPanc27VatS41-13a		0.75
VatS41-13a		FlorPanc27VatS41-13a		0.25
1503.1SGall463		1503.1SGall463FlorPanc27VatS41-13a		65.67857
FlorPanc27VatS41-13a		1503.1SGall463FlorPanc27VatS41-13a		5.32143
1503.1SGall463FlorPanc27VatS41-13a		1503.1SGall463FlorPanc27VatS41-13aFlor232		19.41667
Flor232		1503.1SGall463FlorPanc27VatS41-13aFlor232		261.33333
1503.1SGall463FlorPanc27VatS41-13aFlor232		1503.1SGall463FlorPanc27VatS41-13aFlor232VatS41-13+13a		59.1
VatS41-13+13a		1503.1SGall463FlorPanc27VatS41-13aFlor232VatS41-13+13a		2.15
ModD4		ModD4Pet1505		6.40625
Pet1505		ModD4Pet1505		-0.40625
Giunta		GiuntaModD4Pet1505		0.64583
ModD4Pet1505		GiuntaModD4Pet1505		0.35417
1503.1SGall463FlorPanc27VatS41-13aFlor232VatS41-13+13a		1503.1SGall463FlorPanc27VatS41-13aFlor232VatS41-13+13aPet1515		3.26563
Pet1515		1503.1SGall463FlorPanc27VatS41-13aFlor232VatS41-13+13aPet1515		0.73438
GiuntaModD4Pet1505		GiuntaModD4Pet1505Pet1519		0.26563
Pet1519		GiuntaModD4Pet1505Pet1519		0.73438
1503.1SGall463FlorPanc27VatS41-13aFlor232VatS41-13+13aPet1515		GiuntaModD4Pet1505Pet1519		0.26563
