Giunta
ModD4
Pet1505
Pet1515
Pet1519
VatS41

Start Matrix
------
0	77	6	8	11	62	
77	0	77	79	82	106	
6	77	0	2	5	56	
8	79	2	0	7	58	
11	82	5	7	0	61	
62	106	56	58	61	0	

Tree Matrix
------
0	79.25	6	8	11	59.75	
79.25	0	76.25	78.25	81.25	106	
6	76.25	0	2	5	56.75	
8	78.25	2	0	7	58.75	
11	81.25	5	7	0	61.75	
59.75	106	56.75	58.75	61.75	0	

Deviation
---------
0	-2,25	0	0	0	2,25
-2,25	0	0,75	0,75	0,75	0
0	0,75	0	0	0	-0,75
0	0,75	0	0	0	-0,75
0	0,75	0	0	0	-0,75
2,25	0	-0,75	-0,75	-0,75	0


Mimimal Branch Length + Error
------
1.5 		0.75

Between		And		Length
-------		---		------
ModD4		ModD4VatS41		62.75
VatS41		ModD4VatS41		43.25
Giunta		GiuntaModD4VatS41		4.5
ModD4VatS41		GiuntaModD4VatS41		12
Pet1505		Pet1505Pet1515		0
Pet1515		Pet1505Pet1515		2
GiuntaModD4VatS41		GiuntaModD4VatS41Pet1519		1.5
Pet1519		GiuntaModD4VatS41Pet1519		5
GiuntaModD4VatS41Pet1519		Pet1505Pet1515		0
