1503.1
Flor232
FlorPanc27
Giunta
ModD4
Pet1505
Pet1515
Pet1519
SGall463
VatS41-13a

Start Matrix
------
0	258	109	155	150	152	152	155	39	127	
258	0	270	240	303	247	247	251	260	289	
109	270	0	121	124	113	114	116	119	22	
155	240	121	0	41	4	5	9	156	115	
150	303	124	41	0	37	38	42	164	136	
152	247	113	4	37	0	1	5	156	113	
152	247	114	5	38	1	0	6	154	114	
155	251	116	9	42	5	6	0	160	117	
39	260	119	156	164	156	154	160	0	137	
127	289	22	115	136	113	114	117	137	0	

Tree Matrix
------
0	256	139.48214	144.1625	165.475	141.37604	142.28229	146.07917	39	145.76786	
256	0	253.73214	258.4125	279.725	255.62604	256.53229	260.32917	262	260.01786	
139.48214	253.73214	0	111.44464	132.75714	108.65818	109.56443	113.36131	145.48214	22	
144.1625	258.4125	111.44464	0	40.1875	4.13021	5.03646	8.83333	150.1625	117.73036	
165.475	279.725	132.75714	40.1875	0	37.40104	38.30729	42.10417	171.475	139.04286	
141.37604	255.62604	108.65818	4.13021	37.40104	0	1	5.04688	147.37604	114.9439	
142.28229	256.53229	109.56443	5.03646	38.30729	1	0	5.95313	148.28229	115.85015	
146.07917	260.32917	113.36131	8.83333	42.10417	5.04688	5.95313	0	152.07917	119.64702	
39	262	145.48214	150.1625	171.475	147.37604	148.28229	152.07917	0	151.76786	
145.76786	260.01786	22	117.73036	139.04286	114.9439	115.85015	119.64702	151.76786	0	

Mimimal Branch Length + Error
------
0.04688 		0.02344

Between		And		Length
-------		---		------
1503.1		1503.1SGall463		16.5
SGall463		1503.1SGall463		22.5
FlorPanc27		FlorPanc27VatS41-13a		7.85714
VatS41-13a		FlorPanc27VatS41-13a		14.14286
1503.1SGall463		1503.1SGall463Flor232		54.375
Flor232		1503.1SGall463Flor232		185.125
1503.1SGall463Flor232		1503.1SGall463Flor232FlorPanc27VatS41-13a		15.225
FlorPanc27VatS41-13a		1503.1SGall463Flor232FlorPanc27VatS41-13a		45.525
1503.1SGall463Flor232FlorPanc27VatS41-13a		1503.1SGall463Flor232FlorPanc27VatS41-13aModD4		48.625
ModD4		1503.1SGall463Flor232FlorPanc27VatS41-13aModD4		30.75
1503.1SGall463Flor232FlorPanc27VatS41-13aModD4		1503.1SGall463Flor232FlorPanc27VatS41-13aModD4Giunta		5.97917
Giunta		1503.1SGall463Flor232FlorPanc27VatS41-13aModD4Giunta		3.45833
Pet1505		Pet1505Pet1515		0.04688
Pet1515		Pet1505Pet1515		0.95313
1503.1SGall463Flor232FlorPanc27VatS41-13aModD4Giunta		1503.1SGall463Flor232FlorPanc27VatS41-13aModD4GiuntaPet1519		0.5
Pet1519		1503.1SGall463Flor232FlorPanc27VatS41-13aModD4GiuntaPet1519		4.875
1503.1SGall463Flor232FlorPanc27VatS41-13aModD4GiuntaPet1519		Pet1505Pet1515		0.125
