1503.1
Flor232
FlorPanc27
Giunta
ModD4
Pet1505
Pet1515
Pet1519
SGall463
VatS41-13a

Start Matrix
------
0	256	101	143	143	136	136	148	26	107	
256	0	260	244	322	247	246	249	252	284	
101	260	0	124	125	118	119	121	108	18	
143	244	124	0	32	2	3	7	142	109	
143	322	125	32	0	30	31	35	153	115	
136	247	118	2	30	0	1	5	137	108	
136	246	119	3	31	1	0	6	138	109	
148	249	121	7	35	5	6	0	139	111	
26	252	108	142	153	137	138	139	0	119	
107	284	18	109	115	108	109	111	119	0	

Tree Matrix
------
0	252.875	127.21131	132.34062	155.55417	130.27812	131.09062	134.63229	26	123.99702	
252.875	0	255.62798	260.75729	283.97083	258.69479	259.50729	263.04896	255.125	252.41369	
127.21131	255.62798	0	113.0686	136.28214	111.0061	111.8186	115.36027	129.46131	18	
132.34063	260.75729	113.0686	0	32.25521	2	3.03125	7.10417	134.59063	109.85432	
155.55417	283.97083	136.28214	32.25521	0	30.19271	31.00521	34.54688	157.80417	133.06786	
130.27813	258.69479	111.0061	2	30.19271	0	0.96875	5.04167	132.52813	107.79182	
131.09063	259.50729	111.8186	3.03125	31.00521	0.96875	0	5.85417	133.34063	108.60432	
134.63229	263.04896	115.36027	7.10417	34.54688	5.04167	5.85417	0	136.88229	112.14598	
26	255.125	129.46131	134.59062	157.80417	132.52812	133.34062	136.88229	0	126.24702	
123.99702	252.41369	18	109.85432	133.06786	107.79182	108.60432	112.14598	126.24702	0	

Mimimal Branch Length + Error
------
0.03125 		0.01563

Between		And		Length
-------		---		------
1503.1		1503.1SGall463		11.875
SGall463		1503.1SGall463		14.125
FlorPanc27		FlorPanc27VatS41-13a		10.60714
VatS41-13a		FlorPanc27VatS41-13a		7.39286
1503.1SGall463		1503.1SGall463Flor232		50.35417
Flor232		1503.1SGall463Flor232		190.64583
1503.1SGall463Flor232		1503.1SGall463Flor232FlorPanc27VatS41-13a		11.0125
FlorPanc27VatS41-13a		1503.1SGall463Flor232FlorPanc27VatS41-13a		43.3625
1503.1SGall463Flor232FlorPanc27VatS41-13a		1503.1SGall463Flor232FlorPanc27VatS41-13aModD4		54.57813
ModD4		1503.1SGall463Flor232FlorPanc27VatS41-13aModD4		27.73438
1503.1SGall463Flor232FlorPanc27VatS41-13aModD4		1503.1SGall463Flor232FlorPanc27VatS41-13aModD4Pet1519		2.11458
Pet1519		1503.1SGall463Flor232FlorPanc27VatS41-13aModD4Pet1519		4.69792
Giunta		GiuntaPet1505		2.03125
Pet1505		GiuntaPet1505		-0.03125
1503.1SGall463Flor232FlorPanc27VatS41-13aModD4Pet1519		1503.1SGall463Flor232FlorPanc27VatS41-13aModD4Pet1519Pet1515		0.26563
Pet1515		1503.1SGall463Flor232FlorPanc27VatS41-13aModD4Pet1519Pet1515		0.89063
1503.1SGall463Flor232FlorPanc27VatS41-13aModD4Pet1519Pet1515		GiuntaPet1505		0.10938
