1503.1
Flor232
FlorPanc27
Giunta
ModD4
Pet1505
Pet1515
Pet1519
SGall463
VatS41-13a

Start Matrix
------
0	406	93	199	198	196	197	200	27	104	
406	0	356	377	414	389	389	396	409	367	
93	356	0	117	124	117	118	120	95	19	
199	377	117	0	32	2	3	7	198	112	
198	414	124	32	0	30	31	35	201	127	
196	389	117	2	30	0	1	5	194	112	
197	389	118	3	31	1	0	6	195	113	
200	396	120	7	35	5	6	0	198	115	
27	409	95	198	201	194	195	198	0	102	
104	367	19	112	127	112	113	115	102	0	

Tree Matrix
------
0	421.77083	98.34821	188.93646	207.79583	190.49375	191.35313	195.525	27	98.77679	
421.77083	0	347.07738	387.11563	405.975	388.67292	389.53229	393.70417	421.64583	347.50595	
98.34821	347.07738	0	114.24301	133.10238	115.8003	116.65967	120.83155	98.22321	19	
188.93646	387.11563	114.24301	0	29.35938	2.03646	2.89583	7.06771	188.81146	114.67158	
207.79583	405.975	133.10238	29.35938	0	30.91667	31.77604	35.94792	207.67083	133.53095	
190.49375	388.67292	115.8003	2.03646	30.91667	0	0.98438	5	190.36875	116.22887	
191.35313	389.53229	116.65967	2.89583	31.77604	0.98438	0	6.01563	191.22813	117.08824	
195.525	393.70417	120.83155	7.06771	35.94792	5	6.01563	0	195.4	121.26012	
27	421.64583	98.22321	188.81146	207.67083	190.36875	191.22813	195.4	0	98.65179	
98.77679	347.50595	19	114.67158	133.53095	116.22887	117.08824	121.26012	98.65179	0	

Mimimal Branch Length + Error
------
0.01563 		0.00781

Between		And		Length
-------		---		------
1503.1		1503.1SGall463		13.5625
SGall463		1503.1SGall463		13.4375
FlorPanc27		FlorPanc27VatS41-13a		9.28571
VatS41-13a		FlorPanc27VatS41-13a		9.71429
1503.1SGall463		1503.1SGall463FlorPanc27VatS41-13a		72.95833
FlorPanc27VatS41-13a		1503.1SGall463FlorPanc27VatS41-13a		2.54167
1503.1SGall463FlorPanc27VatS41-13a		1503.1SGall463FlorPanc27VatS41-13aFlor232		25.275
Flor232		1503.1SGall463FlorPanc27VatS41-13aFlor232		309.975
1503.1SGall463FlorPanc27VatS41-13aFlor232		1503.1SGall463FlorPanc27VatS41-13aFlor232ModD4		71.89063
ModD4		1503.1SGall463FlorPanc27VatS41-13aFlor232ModD4		24.10938
1503.1SGall463FlorPanc27VatS41-13aFlor232ModD4		1503.1SGall463FlorPanc27VatS41-13aFlor232ModD4Giunta		5.01042
Giunta		1503.1SGall463FlorPanc27VatS41-13aFlor232ModD4Giunta		0.23958
Pet1505		Pet1505Pet1519		-0.01563
Pet1519		Pet1505Pet1519		5.01563
1503.1SGall463FlorPanc27VatS41-13aFlor232ModD4Giunta		1503.1SGall463FlorPanc27VatS41-13aFlor232ModD4GiuntaPet1515		1.73438
Pet1515		1503.1SGall463FlorPanc27VatS41-13aFlor232ModD4GiuntaPet1515		0.92188
1503.1SGall463FlorPanc27VatS41-13aFlor232ModD4GiuntaPet1515		Pet1505Pet1519		0.07813
