1503.1
Flor232
FlorPanc27
Giunta
ModD4
Pet1505
Pet1515
Pet1519
SGall463
VatS41-13a

Start Matrix
------
0	338	74	154	154	151	152	151	4	72	
338	0	295	322	344	323	322	323	338	299	
74	295	0	86	92	87	88	87	75	1	
154	322	86	0	7	1	2	2	155	85	
154	344	92	7	0	6	7	7	155	91	
151	323	87	1	6	0	1	1	152	86	
152	322	88	2	7	1	0	2	153	87	
151	323	87	2	7	1	2	0	152	86	
4	338	75	155	155	152	153	152	0	73	
72	299	1	85	91	86	87	86	73	0	

Tree Matrix
------
0	347.72917	73.27679	147.92917	156.04375	148.41875	149.16875	148.6375	4	72.84821	
347.72917	0	287.04762	324.3	332.41458	324.78958	325.53958	325.00833	348.60417	286.61905	
73.27679	287.04762	0	87.24762	95.3622	87.7372	88.4872	87.95595	74.15179	1	
147.92917	324.3	87.24762	0	8.69792	1.07292	1.82292	1.29167	148.80417	86.81905	
156.04375	332.41458	95.3622	8.69792	0	6	7.8125	8.34375	156.91875	94.93363	
148.41875	324.78958	87.7372	1.07292	6	0	0.1875	0.71875	149.29375	87.30863	
149.16875	325.53958	88.4872	1.82292	7.8125	0.1875	0	1.46875	150.04375	88.05863	
148.6375	325.00833	87.95595	1.29167	8.34375	0.71875	1.46875	0	149.5125	87.52738	
4	348.60417	74.15179	148.80417	156.91875	149.29375	150.04375	149.5125	0	73.72321	
72.84821	286.61905	1	86.81905	94.93363	87.30863	88.05863	87.52738	73.72321	0	

Mimimal Branch Length + Error
------
0.28571 		0.14286

Between		And		Length
-------		---		------
1503.1		1503.1SGall463		1.5625
SGall463		1503.1SGall463		2.4375
FlorPanc27		FlorPanc27VatS41-13a		0.71429
VatS41-13a		FlorPanc27VatS41-13a		0.28571
1503.1SGall463		1503.1SGall463FlorPanc27VatS41-13a		65.41667
FlorPanc27VatS41-13a		1503.1SGall463FlorPanc27VatS41-13a		5.58333
1503.1SGall463FlorPanc27VatS41-13a		1503.1SGall463FlorPanc27VatS41-13aFlor232		18.7
Flor232		1503.1SGall463FlorPanc27VatS41-13aFlor232		262.05
ModD4		ModD4Pet1505		6.8125
Pet1505		ModD4Pet1505		-0.8125
1503.1SGall463FlorPanc27VatS41-13aFlor232		1503.1SGall463FlorPanc27VatS41-13aFlor232Giunta		61.95833
Giunta		1503.1SGall463FlorPanc27VatS41-13aFlor232Giunta		0.29167
ModD4Pet1505		ModD4Pet1505Pet1515		0.53125
Pet1515		ModD4Pet1505Pet1515		0.46875
1503.1SGall463FlorPanc27VatS41-13aFlor232Giunta		1503.1SGall463FlorPanc27VatS41-13aFlor232GiuntaPet1519		0.53125
Pet1519		1503.1SGall463FlorPanc27VatS41-13aFlor232GiuntaPet1519		0.46875
1503.1SGall463FlorPanc27VatS41-13aFlor232GiuntaPet1519		ModD4Pet1505Pet1515		0.53125
