1503.1
Flor232
FlorPanc27
Giunta
ModD4
Pet1505
Pet1515
Pet1519
SGall463
VatS41-13a

Start Matrix
------
0	405	117	222	227	221	221	225	39	122	
405	0	393	389	438	387	387	391	403	393	
117	393	0	133	134	131	132	135	124	28	
222	389	133	0	37	4	5	8	218	125	
227	438	134	37	0	33	34	37	221	133	
221	387	131	4	33	0	1	4	217	123	
221	387	132	5	34	1	0	5	217	124	
225	391	135	8	37	4	5	0	219	127	
39	403	124	218	221	217	217	219	0	121	
122	393	28	125	133	123	124	127	121	0	

Tree Matrix
------
0	438.625	124.53571	211.01875	236.925	208.04479	208.87292	212.01354	39	119.96429	
438.625	0	361.91071	394.04375	419.95	391.06979	391.89792	395.03854	436.125	357.33929	
124.53571	361.91071	0	134.30446	160.21071	131.33051	132.15863	135.29926	122.03571	28	
211.01875	394.04375	134.30446	0	36.28125	4.06771	4.89583	8.03646	208.51875	129.73304	
236.925	419.95	160.21071	36.28125	0	33.30729	34.13542	37.27604	234.425	155.63929	
208.04479	391.06979	131.33051	4.06771	33.30729	0	1.01563	4	205.54479	126.75908	
208.87292	391.89792	132.15863	4.89583	34.13542	1.01563	0	4.98438	206.37292	127.5872	
212.01354	395.03854	135.29926	8.03646	37.27604	4	4.98438	0	209.51354	130.72783	
39	436.125	122.03571	208.51875	234.425	205.54479	206.37292	209.51354	0	117.46429	
119.96429	357.33929	28	129.73304	155.63929	126.75908	127.5872	130.72783	117.46429	0	

Mimimal Branch Length + Error
------
0.01563 		0.00781

Between		And		Length
-------		---		------
1503.1		1503.1SGall463		20.75
SGall463		1503.1SGall463		18.25
FlorPanc27		FlorPanc27VatS41-13a		16.28571
VatS41-13a		FlorPanc27VatS41-13a		11.71429
1503.1SGall463		1503.1SGall463FlorPanc27VatS41-13a		79.875
FlorPanc27VatS41-13a		1503.1SGall463FlorPanc27VatS41-13a		7.625
1503.1SGall463FlorPanc27VatS41-13a		1503.1SGall463FlorPanc27VatS41-13aFlor232		27.175
Flor232		1503.1SGall463FlorPanc27VatS41-13aFlor232		310.825
1503.1SGall463FlorPanc27VatS41-13aFlor232		1503.1SGall463FlorPanc27VatS41-13aFlor232ModD4		78.03125
ModD4		1503.1SGall463FlorPanc27VatS41-13aFlor232ModD4		31.09375
1503.1SGall463FlorPanc27VatS41-13aFlor232ModD4		1503.1SGall463FlorPanc27VatS41-13aFlor232ModD4Giunta		1.66667
Giunta		1503.1SGall463FlorPanc27VatS41-13aFlor232ModD4Giunta		3.52083
Pet1505		Pet1505Pet1519		0.01563
Pet1519		Pet1505Pet1519		3.98438
1503.1SGall463FlorPanc27VatS41-13aFlor232ModD4Giunta		1503.1SGall463FlorPanc27VatS41-13aFlor232ModD4GiuntaPet1515		0.45313
Pet1515		1503.1SGall463FlorPanc27VatS41-13aFlor232ModD4GiuntaPet1515		0.92188
1503.1SGall463FlorPanc27VatS41-13aFlor232ModD4GiuntaPet1515		Pet1505Pet1519		0.07813
