1503.1
Giunta
ModD4
Pet1505
Pet1515
Pet1519
SGall463
VatS41-13a
FlorPanc27
VatS41-13

Start Matrix
------
0	199	198	196	197	200	27	104	93	184	
199	0	32	2	3	7	198	112	117	134	
198	32	0	30	31	35	201	127	124	140	
196	2	30	0	1	5	194	112	117	132	
197	3	31	1	0	6	195	113	118	132	
200	7	35	5	6	0	198	115	120	137	
27	198	201	194	195	198	0	102	95	192	
104	112	127	112	113	115	102	0	19	128	
93	117	124	117	118	120	95	19	0	114	
184	134	140	132	132	137	192	128	114	0	

Tree Matrix
------
0	194.28103	201.93988	192.3904	193.3279	197.07269	27	100.03571	93.75	198.20238	
194.28103	0	32.01302	2.03125	2.96875	6.94792	194.78103	115.91198	115.9596	133.47865	
201.93988	32.01302	0	30.1224	31.0599	34.80469	202.43988	123.57083	123.61845	141.1375	
192.3904	2.03125	30.1224	0	1	5.05729	192.8904	114.02135	114.06897	131.58802	
193.3279	2.96875	31.0599	1	0	5.99479	193.8279	114.95885	115.00647	132.52552	
197.07269	6.94792	34.80469	5.05729	5.99479	0	197.57269	118.70365	118.75126	136.27031	
27	194.78103	202.43988	192.8904	193.8279	197.57269	0	100.53571	94.25	198.70238	
100.03571	115.91198	123.57083	114.02135	114.95885	118.70365	100.53571	0	21.71429	119.83333	
93.75	115.9596	123.61845	114.06897	115.00647	118.75126	94.25	21.71429	0	119.88095	
198.20238	133.47865	141.1375	131.58802	132.52552	136.27031	198.70238	119.83333	119.88095	0	

Mimimal Branch Length + Error
------
0.03125 		0.01563

Between		And		Length
-------		---		------
1503.1		1503.1SGall463		13.25
SGall463		1503.1SGall463		13.75
1503.1SGall463		1503.1SGall463FlorPanc27		72.78571
FlorPanc27		1503.1SGall463FlorPanc27		7.71429
1503.1SGall463FlorPanc27		1503.1SGall463FlorPanc27VatS41-13a		3.16667
VatS41-13a		1503.1SGall463FlorPanc27VatS41-13a		10.83333
1503.1SGall463FlorPanc27VatS41-13a		1503.1SGall463FlorPanc27VatS41-13aVatS41-13		40.3
VatS41-13		1503.1SGall463FlorPanc27VatS41-13aVatS41-13		68.7
1503.1SGall463FlorPanc27VatS41-13aVatS41-13		1503.1SGall463FlorPanc27VatS41-13aVatS41-13ModD4		52.60156
ModD4		1503.1SGall463FlorPanc27VatS41-13aVatS41-13ModD4		19.83594
1503.1SGall463FlorPanc27VatS41-13aVatS41-13ModD4		1503.1SGall463FlorPanc27VatS41-13aVatS41-13ModD4Pet1519		10.09896
Pet1519		1503.1SGall463FlorPanc27VatS41-13aVatS41-13ModD4Pet1519		4.86979
Pet1505		Pet1505Pet1515		0.03125
Pet1515		Pet1505Pet1515		0.96875
1503.1SGall463FlorPanc27VatS41-13aVatS41-13ModD4Pet1519		1503.1SGall463FlorPanc27VatS41-13aVatS41-13ModD4Pet1519Giunta		0.11719
Giunta		1503.1SGall463FlorPanc27VatS41-13aVatS41-13ModD4Pet1519Giunta		1.96094
1503.1SGall463FlorPanc27VatS41-13aVatS41-13ModD4Pet1519Giunta		Pet1505Pet1515		0.03906
