1503.1
Giunta
ModD4
Pet1505
Pet1515
Pet1519
SGall463
VatS41-13a
FlorPanc27
VatS41-13

Start Matrix
------
0	154	154	151	152	151	4	72	74	157	
154	0	7	1	2	2	155	85	86	102	
154	7	0	6	7	7	155	91	92	105	
151	1	6	0	1	1	152	86	87	101	
152	2	7	1	0	2	153	87	88	101	
151	2	7	1	2	0	152	86	87	102	
4	155	155	152	153	152	0	73	75	156	
72	85	91	86	87	86	73	0	1	99	
74	86	92	87	88	87	75	1	0	98	
157	102	105	101	101	102	156	99	98	0	

Tree Matrix
------
0	151.54167	154.70833	150.54167	151.33333	151.41667	4	72.69643	73.55357	159.20833	
151.54167	0	7.08333	1	2.04167	2	152.29167	87.32143	88.17857	101.83333	
154.70833	7.08333	0	6.08333	6.875	6.95833	155.45833	90.4881	91.34524	105	
150.54167	1	6.08333	0	1.04167	1	151.29167	86.32143	87.17857	100.83333	
151.33333	2.04167	6.875	1.04167	0	1.91667	152.08333	87.1131	87.97024	101.625	
151.41667	2	6.95833	1	1.91667	0	152.16667	87.19643	88.05357	101.70833	
4	152.29167	155.45833	151.29167	152.08333	152.16667	0	73.44643	74.30357	159.95833	
72.69643	87.32143	90.4881	86.32143	87.1131	87.19643	73.44643	0	1	94.9881	
73.55357	88.17857	91.34524	87.17857	87.97024	88.05357	74.30357	1	0	95.84524	
159.20833	101.83333	105	100.83333	101.625	101.70833	159.95833	94.9881	95.84524	0	

Mimimal Branch Length + Error
------
0.0625 		0.03125

Between		And		Length
-------		---		------
1503.1		1503.1SGall463		1.625
SGall463		1503.1SGall463		2.375
VatS41-13a		VatS41-13aFlorPanc27		0.07143
FlorPanc27		VatS41-13aFlorPanc27		0.92857
1503.1SGall463		1503.1SGall463VatS41-13aFlorPanc27		66.83333
VatS41-13aFlorPanc27		1503.1SGall463VatS41-13aFlorPanc27		4.16667
1503.1SGall463VatS41-13aFlorPanc27		1503.1SGall463VatS41-13aFlorPanc27VatS41-13		36
VatS41-13		1503.1SGall463VatS41-13aFlorPanc27VatS41-13		54.75
1503.1SGall463VatS41-13aFlorPanc27VatS41-13		1503.1SGall463VatS41-13aFlorPanc27VatS41-13ModD4		45.125
ModD4		1503.1SGall463VatS41-13aFlorPanc27VatS41-13ModD4		5.125
1503.1SGall463VatS41-13aFlorPanc27VatS41-13ModD4		1503.1SGall463VatS41-13aFlorPanc27VatS41-13ModD4Pet1515		0.83333
Pet1515		1503.1SGall463VatS41-13aFlorPanc27VatS41-13ModD4Pet1515		0.91667
Giunta		GiuntaPet1505		1
Pet1505		GiuntaPet1505		0
1503.1SGall463VatS41-13aFlorPanc27VatS41-13ModD4Pet1515		1503.1SGall463VatS41-13aFlorPanc27VatS41-13ModD4Pet1515Pet1519		0.0625
Pet1519		1503.1SGall463VatS41-13aFlorPanc27VatS41-13ModD4Pet1515Pet1519		0.9375
1503.1SGall463VatS41-13aFlorPanc27VatS41-13ModD4Pet1515Pet1519		GiuntaPet1505		0.0625
