1503.1
Giunta
ModD4
Pet1505
Pet1515
Pet1519
SGall463
VatS41-13a
FlorPanc27
VatS41-13

Start Matrix
------
0	222	227	221	221	225	39	122	117	189	
222	0	37	4	5	8	218	125	133	149	
227	37	0	33	34	37	221	133	134	156	
221	4	33	0	1	4	217	123	131	147	
221	5	34	1	0	5	217	124	132	147	
225	8	37	4	5	0	219	127	135	151	
39	218	221	217	217	219	0	121	124	187	
122	125	133	123	124	127	121	0	28	125	
117	133	134	131	132	135	124	28	0	129	
189	149	156	147	147	151	187	125	129	0	

Tree Matrix
------
0	219.38542	224.29167	216.41146	217.23958	220.38021	39	119.67857	124.82143	201.79167	
219.38542	0	36.28125	4.06771	4.89583	8.03646	216.88542	129.48065	134.62351	149.84375	
224.29167	36.28125	0	33.30729	34.13542	37.27604	221.79167	134.3869	139.52976	154.75	
216.41146	4.06771	33.30729	0	1.01563	4	213.91146	126.5067	131.64955	146.86979	
217.23958	4.89583	34.13542	1.01563	0	4.98438	214.73958	127.33482	132.47768	147.69792	
220.38021	8.03646	37.27604	4	4.98438	0	217.88021	130.47545	135.6183	150.83854	
39	216.88542	221.79167	213.91146	214.73958	217.88021	0	117.17857	122.32143	199.29167	
119.67857	129.48065	134.3869	126.5067	127.33482	130.47545	117.17857	0	28	111.8869	
124.82143	134.62351	139.52976	131.64955	132.47768	135.6183	122.32143	28	0	117.02976	
201.79167	149.84375	154.75	146.86979	147.69792	150.83854	199.29167	111.8869	117.02976	0	

Mimimal Branch Length + Error
------
0.01563 		0.00781

Between		And		Length
-------		---		------
1503.1		1503.1SGall463		20.75
SGall463		1503.1SGall463		18.25
VatS41-13a		VatS41-13aFlorPanc27		11.42857
FlorPanc27		VatS41-13aFlorPanc27		16.57143
1503.1SGall463		1503.1SGall463VatS41-13aFlorPanc27		84.04167
VatS41-13aFlorPanc27		1503.1SGall463VatS41-13aFlorPanc27		3.45833
1503.1SGall463VatS41-13aFlorPanc27		1503.1SGall463VatS41-13aFlorPanc27VatS41-13		30.875
VatS41-13		1503.1SGall463VatS41-13aFlorPanc27VatS41-13		66.125
1503.1SGall463VatS41-13aFlorPanc27VatS41-13		1503.1SGall463VatS41-13aFlorPanc27VatS41-13ModD4		68.03125
ModD4		1503.1SGall463VatS41-13aFlorPanc27VatS41-13ModD4		20.59375
1503.1SGall463VatS41-13aFlorPanc27VatS41-13ModD4		1503.1SGall463VatS41-13aFlorPanc27VatS41-13ModD4Giunta		12.16667
Giunta		1503.1SGall463VatS41-13aFlorPanc27VatS41-13ModD4Giunta		3.52083
Pet1505		Pet1505Pet1519		0.01563
Pet1519		Pet1505Pet1519		3.98438
1503.1SGall463VatS41-13aFlorPanc27VatS41-13ModD4Giunta		1503.1SGall463VatS41-13aFlorPanc27VatS41-13ModD4GiuntaPet1515		0.45313
Pet1515		1503.1SGall463VatS41-13aFlorPanc27VatS41-13ModD4GiuntaPet1515		0.92188
1503.1SGall463VatS41-13aFlorPanc27VatS41-13ModD4GiuntaPet1515		Pet1505Pet1519		0.07813
