1503.1
FlorPanc27
SGall463
VatS41-13a

Start Matrix
------
0	165	254	174	
165	0	243	53	
254	243	0	247	
174	53	247	0	

Tree Matrix
------
0	166.25	254	172.75	
166.25	0	241.75	53	
254	241.75	0	248.25	
172.75	53	248.25	0	

Deviation
---------
0	-1,25	0	1,25
-1,25	0	1,25	0
0	1,25	0	-1,25
1,25	0	-1,25	0


Mimimal Branch Length + Error
------
23.25 		11.625

Between		And		Length
-------		---		------
1503.1		1503.1SGall463		89.25
SGall463		1503.1SGall463		164.75
FlorPanc27		FlorPanc27VatS41-13a		23.25
VatS41-13a		FlorPanc27VatS41-13a		29.75
1503.1SGall463		FlorPanc27VatS41-13a		53.75
