1503.1
Flor232
FlorPanc27
Giunta
ModD4
Pet1505
Pet1515
Pet1519
SGall463
VatS41-13a
VatS41-13

Start Matrix
------
0	258	109	155	150	152	152	155	39	127	152	
258	0	270	240	303	247	247	251	260	289	303	
109	270	0	121	124	113	114	116	119	22	88	
155	240	121	0	41	4	5	9	156	115	157	
150	303	124	41	0	37	38	42	164	136	161	
152	247	113	4	37	0	1	5	156	113	147	
152	247	114	5	38	1	0	6	154	114	147	
155	251	116	9	42	5	6	0	160	117	150	
39	260	119	156	164	156	154	160	0	137	159	
127	289	22	115	136	113	114	117	137	0	90	
152	303	88	157	161	147	147	150	159	90	0	

Tree Matrix
------
0	255.94444	137.89087	145.19132	165.01944	141.73299	142.60799	146.42049	39	143.64087	173.12302	
255.94444	0	251.44643	258.74688	278.575	255.28854	256.16354	259.97604	262.05556	257.19643	286.67857	
137.89087	251.44643	0	113.2933	133.12143	109.83497	110.70997	114.52247	144.00198	22	86.125	
145.19132	258.74688	113.2933	0	40.70313	4.14583	5.02083	8.83333	151.30243	119.0433	148.52545	
165.01944	278.575	133.12143	40.70313	0	37.24479	38.11979	41.93229	171.13056	138.87143	168.35357	
141.73299	255.28854	109.83497	4.14583	37.24479	0	1	5.0625	147.8441	115.58497	145.06711	
142.60799	256.16354	110.70997	5.02083	38.11979	1	0	5.9375	148.7191	116.45997	145.94211	
146.42049	259.97604	114.52247	8.83333	41.93229	5.0625	5.9375	0	152.5316	120.27247	149.75461	
39	262.05556	144.00198	151.30243	171.13056	147.8441	148.7191	152.5316	0	149.75198	179.23413	
143.64087	257.19643	22	119.0433	138.87143	115.58497	116.45997	120.27247	149.75198	0	91.875	
173.12302	286.67857	86.125	148.52545	168.35357	145.06711	145.94211	149.75461	179.23413	91.875	0	

Mimimal Branch Length + Error
------
0.0625 		0.03125

Between		And		Length
-------		---		------
1503.1		1503.1SGall463		16.44444
SGall463		1503.1SGall463		22.55556
FlorPanc27		FlorPanc27VatS41-13a		8.125
VatS41-13a		FlorPanc27VatS41-13a		13.875
FlorPanc27VatS41-13a		FlorPanc27VatS41-13aVatS41-13		17.32143
VatS41-13		FlorPanc27VatS41-13aVatS41-13		60.67857
1503.1SGall463		1503.1SGall463Flor232		54.75
Flor232		1503.1SGall463Flor232		184.75
1503.1SGall463Flor232		1503.1SGall463Flor232FlorPanc27VatS41-13aVatS41-13		13.7
FlorPanc27VatS41-13aVatS41-13		1503.1SGall463Flor232FlorPanc27VatS41-13aVatS41-13		27.55
1503.1SGall463Flor232FlorPanc27VatS41-13aVatS41-13		1503.1SGall463Flor232FlorPanc27VatS41-13aVatS41-13ModD4		49.85938
ModD4		1503.1SGall463Flor232FlorPanc27VatS41-13aVatS41-13ModD4		30.26563
1503.1SGall463Flor232FlorPanc27VatS41-13aVatS41-13ModD4		1503.1SGall463Flor232FlorPanc27VatS41-13aVatS41-13ModD4Giunta		6.63542
Giunta		1503.1SGall463Flor232FlorPanc27VatS41-13aVatS41-13ModD4Giunta		3.80208
Pet1505		Pet1505Pet1515		0.0625
Pet1515		Pet1505Pet1515		0.9375
1503.1SGall463Flor232FlorPanc27VatS41-13aVatS41-13ModD4Giunta		1503.1SGall463Flor232FlorPanc27VatS41-13aVatS41-13ModD4GiuntaPet1519		0.15625
Pet1519		1503.1SGall463Flor232FlorPanc27VatS41-13aVatS41-13ModD4GiuntaPet1519		4.875
1503.1SGall463Flor232FlorPanc27VatS41-13aVatS41-13ModD4GiuntaPet1519		Pet1505Pet1515		0.125
