1503.1
Flor232
FlorPanc27
Giunta
ModD4
Pet1505
Pet1515
Pet1519
SGall463
VatS41-13a
VatS41-13

Start Matrix
------
0	406	93	199	198	196	197	200	27	104	184	
406	0	356	377	414	389	389	396	409	367	374	
93	356	0	117	124	117	118	120	95	19	114	
199	377	117	0	32	2	3	7	198	112	134	
198	414	124	32	0	30	31	35	201	127	140	
196	389	117	2	30	0	1	5	194	112	132	
197	389	118	3	31	1	0	6	195	113	132	
200	396	120	7	35	5	6	0	198	115	137	
27	409	95	198	201	194	195	198	0	102	192	
104	367	19	112	127	112	113	115	102	0	128	
184	374	114	134	140	132	132	137	192	128	0	

Tree Matrix
------
0	420.78968	97.04861	191.66416	204.15635	191.40114	192.20583	196.41677	27	99.17361	184.14385	
420.78968	0	346.75893	388.16615	400.65833	387.90313	388.70781	392.91875	421.56746	348.88393	380.64583	
97.04861	346.75893	0	117.63341	130.1256	117.37039	118.17507	122.38601	97.82639	19	110.1131	
191.66416	388.16615	117.63341	0	30.74219	2.0599	2.86458	7.07552	192.44194	119.75841	131.49531	
204.15635	400.65833	130.1256	30.74219	0	30.47917	31.28385	35.49479	204.93413	132.2506	143.9875	
191.40114	387.90313	117.37039	2.0599	30.47917	0	0.99219	5	192.17892	119.49539	131.23229	
192.20583	388.70781	118.17507	2.86458	31.28385	0.99219	0	6.00781	192.98361	120.30007	132.03698	
196.41677	392.91875	122.38601	7.07552	35.49479	5	6.00781	0	197.19454	124.51101	136.24792	
27	421.56746	97.82639	192.44194	204.93413	192.17892	192.98361	197.19454	0	99.95139	184.92163	
99.17361	348.88393	19	119.75841	132.2506	119.49539	120.30007	124.51101	99.95139	0	112.2381	
184.14385	380.64583	110.1131	131.49531	143.9875	131.23229	132.03698	136.24792	184.92163	112.2381	0	

Mimimal Branch Length + Error
------
0.00781 		0.00391

Between		And		Length
-------		---		------
1503.1		1503.1SGall463		13.11111
SGall463		1503.1SGall463		13.88889
FlorPanc27		FlorPanc27VatS41-13a		8.4375
VatS41-13a		FlorPanc27VatS41-13a		10.5625
1503.1SGall463		1503.1SGall463FlorPanc27VatS41-13a		72.42857
FlorPanc27VatS41-13a		1503.1SGall463FlorPanc27VatS41-13a		3.07143
1503.1SGall463FlorPanc27VatS41-13a		1503.1SGall463FlorPanc27VatS41-13aFlor232		26.60417
Flor232		1503.1SGall463FlorPanc27VatS41-13aFlor232		308.64583
1503.1SGall463FlorPanc27VatS41-13aFlor232		1503.1SGall463FlorPanc27VatS41-13aFlor232VatS41-13		10.0125
VatS41-13		1503.1SGall463FlorPanc27VatS41-13aFlor232VatS41-13		61.9875
1503.1SGall463FlorPanc27VatS41-13aFlor232VatS41-13		1503.1SGall463FlorPanc27VatS41-13aFlor232VatS41-13ModD4		60.38281
ModD4		1503.1SGall463FlorPanc27VatS41-13aFlor232VatS41-13ModD4		21.61719
1503.1SGall463FlorPanc27VatS41-13aFlor232VatS41-13ModD4		1503.1SGall463FlorPanc27VatS41-13aFlor232VatS41-13ModD4Giunta		7.96354
Giunta		1503.1SGall463FlorPanc27VatS41-13aFlor232VatS41-13ModD4Giunta		1.16146
Pet1505		Pet1505Pet1519		-0.00781
Pet1519		Pet1505Pet1519		5.00781
1503.1SGall463FlorPanc27VatS41-13aFlor232VatS41-13ModD4Giunta		1503.1SGall463FlorPanc27VatS41-13aFlor232VatS41-13ModD4GiuntaPet1515		0.80469
Pet1515		1503.1SGall463FlorPanc27VatS41-13aFlor232VatS41-13ModD4GiuntaPet1515		0.89844
1503.1SGall463FlorPanc27VatS41-13aFlor232VatS41-13ModD4GiuntaPet1515		Pet1505Pet1519		0.10156
