1503.1
Flor232
FlorPanc27
Giunta
ModD4
Pet1505
Pet1515
Pet1519
SGall463
VatS41-13+13a

Start Matrix
------
0	256	101	143	143	136	136	148	26	159	
256	0	260	244	322	247	246	249	252	256	
101	260	0	124	125	118	119	121	108	121	
143	244	124	0	32	2	3	7	142	33	
143	322	125	32	0	30	31	35	153	47	
136	247	118	2	30	0	1	5	137	31	
136	246	119	3	31	1	0	6	138	32	
148	249	121	7	35	5	6	0	139	36	
26	252	108	142	153	137	138	139	0	145	
159	256	121	33	47	31	32	36	145	0	

Tree Matrix
------
0	266.46429	105	136.39189	163.76429	134.42314	135.29814	139.13147	26	141.52679	
266.46429	0	248.03571	255.3026	282.675	253.33385	254.20885	258.04219	265.46429	260.4375	
105	248.03571	0	117.96332	145.33571	115.99457	116.86957	120.7029	104	123.09821	
136.39189	255.3026	117.96332	0	32.08073	2	2.98438	7.02083	135.39189	30.3901	
163.76429	282.675	145.33571	32.08073	0	30.11198	30.98698	34.82031	162.76429	57.7625	
134.42314	253.33385	115.99457	2	30.11198	0	1.01563	5.05208	133.42314	28.42135	
135.29814	254.20885	116.86957	2.98438	30.98698	1.01563	0	5.92708	134.29814	29.29635	
139.13147	258.04219	120.7029	7.02083	34.82031	5.05208	5.92708	0	138.13147	33.12969	
26	265.46429	104	135.39189	162.76429	133.42314	134.29814	138.13147	0	140.52679	
141.52679	260.4375	123.09821	30.3901	57.7625	28.42135	29.29635	33.12969	140.52679	0	

Mimimal Branch Length + Error
------
0.01563 		0.00781

Between		And		Length
-------		---		------
1503.1		1503.1SGall463		13.5
SGall463		1503.1SGall463		12.5
1503.1SGall463		1503.1SGall463FlorPanc27		48.21429
FlorPanc27		1503.1SGall463FlorPanc27		43.28571
1503.1SGall463FlorPanc27		1503.1SGall463FlorPanc27Flor232		12.0625
Flor232		1503.1SGall463FlorPanc27Flor232		192.6875
1503.1SGall463FlorPanc27Flor232		1503.1SGall463FlorPanc27Flor232VatS41-13+13a		49.9875
VatS41-13+13a		1503.1SGall463FlorPanc27Flor232VatS41-13+13a		17.7625
1503.1SGall463FlorPanc27Flor232VatS41-13+13a		1503.1SGall463FlorPanc27Flor232VatS41-13+13aModD4		10.27344
ModD4		1503.1SGall463FlorPanc27Flor232VatS41-13+13aModD4		29.72656
1503.1SGall463FlorPanc27Flor232VatS41-13+13aModD4		1503.1SGall463FlorPanc27Flor232VatS41-13+13aModD4Pet1519		0.21354
Pet1519		1503.1SGall463FlorPanc27Flor232VatS41-13+13aModD4Pet1519		4.88021
Giunta		GiuntaPet1505		1.98438
Pet1505		GiuntaPet1505		0.01563
1503.1SGall463FlorPanc27Flor232VatS41-13+13aModD4Pet1519		1503.1SGall463FlorPanc27Flor232VatS41-13+13aModD4Pet1519Pet1515		0.10156
Pet1515		1503.1SGall463FlorPanc27Flor232VatS41-13+13aModD4Pet1519Pet1515		0.94531
1503.1SGall463FlorPanc27Flor232VatS41-13+13aModD4Pet1519Pet1515		GiuntaPet1505		0.05469
