1503.1
Flor232
FlorPanc27
Giunta
ModD4
Pet1505
Pet1515
Pet1519
SGall463
VatS41-13+13a

Start Matrix
------
0	405	117	222	227	221	221	225	39	235	
405	0	393	389	438	387	387	391	403	411	
117	393	0	133	134	131	132	135	124	144	
222	389	133	0	37	4	5	8	218	51	
227	438	134	37	0	33	34	37	221	62	
221	387	131	4	33	0	1	4	217	47	
221	387	132	5	34	1	0	5	217	48	
225	391	135	8	37	4	5	0	219	51	
39	403	124	218	221	217	217	219	0	237	
235	411	144	51	62	47	48	51	237	0	

Tree Matrix
------
0	438.27679	121.5625	214.22783	232.24345	210.74085	211.65491	214.72522	39	229.56845	
438.27679	0	359.78571	395.86771	413.88333	392.38073	393.29479	396.3651	436.15179	411.20833	
121.5625	359.78571	0	135.73676	153.75238	132.24978	133.16384	136.23415	119.4375	151.07738	
214.22783	395.86771	135.73676	0	36.64063	4.03385	4.94792	8.01823	212.10283	49.30938	
232.24345	413.88333	153.75238	36.64063	0	33.15365	34.06771	37.13802	230.11845	67.325	
210.74085	392.38073	132.24978	4.03385	33.15365	0	1.00781	4	208.61585	45.8224	
211.65491	393.29479	133.16384	4.94792	34.06771	1.00781	0	4.99219	209.52991	46.73646	
214.72522	396.3651	136.23415	8.01823	37.13802	4	4.99219	0	212.60022	49.80677	
39	436.15179	119.4375	212.10283	230.11845	208.61585	209.52991	212.60022	0	227.44345	
229.56845	411.20833	151.07738	49.30938	67.325	45.8224	46.73646	49.80677	227.44345	0	

Mimimal Branch Length + Error
------
0.00781 		0.00391

Between		And		Length
-------		---		------
1503.1		1503.1SGall463		20.5625
SGall463		1503.1SGall463		18.4375
1503.1SGall463		1503.1SGall463FlorPanc27		79.46429
FlorPanc27		1503.1SGall463FlorPanc27		21.53571
1503.1SGall463FlorPanc27		1503.1SGall463FlorPanc27Flor232		28.29167
Flor232		1503.1SGall463FlorPanc27Flor232		309.95833
1503.1SGall463FlorPanc27Flor232		1503.1SGall463FlorPanc27Flor232VatS41-13+13a		68.925
VatS41-13+13a		1503.1SGall463FlorPanc27Flor232VatS41-13+13a		32.325
1503.1SGall463FlorPanc27Flor232VatS41-13+13a		1503.1SGall463FlorPanc27Flor232VatS41-13+13aModD4		7.67188
ModD4		1503.1SGall463FlorPanc27Flor232VatS41-13+13aModD4		27.32813
1503.1SGall463FlorPanc27Flor232VatS41-13+13aModD4		1503.1SGall463FlorPanc27Flor232VatS41-13+13aModD4Giunta		5.55208
Giunta		1503.1SGall463FlorPanc27Flor232VatS41-13+13aModD4Giunta		3.76042
Pet1505		Pet1505Pet1519		0.00781
Pet1519		Pet1505Pet1519		3.99219
1503.1SGall463FlorPanc27Flor232VatS41-13+13aModD4Giunta		1503.1SGall463FlorPanc27Flor232VatS41-13+13aModD4GiuntaPet1515		0.22656
Pet1515		1503.1SGall463FlorPanc27Flor232VatS41-13+13aModD4GiuntaPet1515		0.96094
1503.1SGall463FlorPanc27Flor232VatS41-13+13aModD4GiuntaPet1515		Pet1505Pet1519		0.03906
